1.56682	-17.9843
-2.47788	-10.9371
-9.70669	-3.58497
-5.15093	5.62315
-3.10915	-9.32694
8.32289	-0.198996
-4.89824	-0.224422
-6.51026	0.766329
-2.39919	-4.56205
-0.124475	4.00783
-6.30308	0.219021
0.225401	0.882652
-1.6876	0.249989
-0.928327	-19.4323
-5.76737	-12.8749
-14.8605	-14.4475
-18.0861	-18.6987
-27.8017	8.18446
5.47043	-14.7121
-16.1148	-7.04159
-2.83509	-6.42881
-4.8916	-13.4068
-11.0875	-2.55572
8.36708	-4.01239
-7.70402	4.89978
0.482603	-2.7092
-2.47419	1.7192
5.11722	-1.2466
-0.788045	-4.35208
-5.65725	-6.83933
-6.85327	-14.1872
-12.2426	7.22086
8.91698	-20.4914
-22.3626	-0.227268
-15.5536	-19.2132
-2.09524	1.66577
-2.76474	-7.84022
-8.84389	-2.87021
-3.65038	-7.5944
-10.134	-13.0238
-9.6365	4.48881
3.59326	-7.69948
-9.4824	8.7479
6.07123	-2.29513
-3.04803	-2.4695
-4.32536	-18.0722
-16.4654	-5.91305
-4.24233	-1.88331
-4.77196	-31.8236
-31.5467	-15.0278
-14.3228	-18.598
-20.9985	-6.13079
-5.23919	-2.96252
-1.63397	-3.85123
-6.83076	-8.30806
-8.25315	-7.48642
-5.15763	1.58212
3.89842	-2.9536
-6.03458	-2.49567
-1.21406	4.57423
5.45408	-5.49144
-0.510179	-7.25349
-7.24087	-9.86242
-11.4451	2.96993
0.415508	-14.6787
-17.2385	-13.2342
-14.2964	-2.65362
-0.898449	0.137437
-1.91522	-9.40578
-8.23321	-7.66995
-0.250088	-2.60209
-7.49351	-6.77885
-3.31425	2.31116
4.43884	-9.43918
-9.5923	0.382008
3.68032	-4.90579
-7.35202	1.19013
-0.380315	-10.7086
-10.3987	-4.295
-5.20483	-7.8482
-7.69523	-24.8312
-27.6719	-11.2261
-9.74118	-4.59416
-5.39376	-5.11942
-8.80697	-5.84642
-2.66807	-8.33932
-9.68974	2.13126
-4.89154	-9.35572
-5.07674	-6.82648
-6.17449	-3.85637
-2.19941	4.06306
3.63497	1.39285
1.47741	2.02813
-1.37005	-23.4256
-23.2577	-2.91437
-4.72202	5.17063
-3.1063	-9.69122
-14.8082	-8.31313
-7.723	-9.8741
-11.8526	-8.31071
-10.3816	-6.80033
-5.00947	-6.00798
-7.98055	-8.23699
-10.9429	-6.82953
-13.5933	-5.21586
-1.53276	-2.61522
-4.18842	-2.49441
-5.20232	4.80691
-0.492873	-2.84577
-6.51295	-9.72225
-17.4815	-10.2223
-9.02316	-2.3133
-12.7448	-13.3386
-3.93416	-9.38644
-12.1288	-4.26692
-5.57747	-4.16134
-2.54455	-7.61645
-9.72945	14.2322
7.51084	8.17204
-2.47756	-13.5498
-5.71222	12.406
-2.78093	-1.70214
4.25965	-2.32768
0.842183	7.36378
5.59351	-2.59114
-2.0691	-20.6578
-18.4034	-10.9886
-10.6621	7.20165
2.45672	-0.76749
-9.90519	-14.2385
-5.30298	-7.0382
-13.7186	9.46528
4.73869	-15.3373
-12.048	-9.85428
-1.37585	-11.2707
-2.58757	-11.2411
-20.3643	2.1405
3.39304	-4.51263
-5.75409	-0.912603
0.0696797	3.58394
3.5536	-5.78779
-5.41629	-14.2178
-13.9345	-16.9588
-21.3688	-10.0694
-10.828	-6.83597
-3.89293	-1.80948
-0.364973	-8.76891
-7.94131	-0.712204
0.833799	-9.01234
-2.2276	-17.2715
-18.9826	-2.41884
-9.20572	-4.17797
-1.4491	8.40674
5.36154	-8.46758
-1.24217	-5.05661
-7.29965	-5.83171
0.263819	-3.82532
1.7293	-14.9524
-22.3639	-7.00973
-8.74874	4.84211
2.908	-8.17806
-14.7136	0.37816
-12.603	-15.2411
-21.7034	-5.23745
2.02771	-11.0642
-9.53965	-17.925
-17.1647	-10.5089
-5.42377	-9.62141
-11.7846	-5.94638
3.48902	-7.29339
-12.8186	-4.12669
1.02413	-3.85824
4.09901	-2.34673
-1.09633	-12.0491
-4.04689	-21.5169
-21.0787	-3.67828
-4.45069	6.35405
6.28746	1.48404
-0.224222	-13.612
-6.72395	-17.414
-12.5357	-11.183
-10.8318	-10.8418
-9.45516	-3.06581
-7.60914	-4.17425
-3.46425	2.66886
1.22807	-1.93632
-2.52214	0.328246
9.28144	1.6957
2.74506	-3.80535
-0.503674	-22.4326
-21.3883	-15.854
-18.4584	-1.13878
-0.977485	-2.79974
-7.33084	-3.03292
-0.164771	-10.1105
-0.555578	-6.64611
3.72726	-0.62596
-2.02853	-6.0723
-1.83549	3.19347
-8.85169	-13.0304
-10.51	-1.47776
2.54778	2.18764
3.16097	2.43747
3.42281	0.879674
-0.394089	2.8357
-4.31516	-11.4853
-11.9892	-15.1772
-11.1124	-4.76011
-7.55059	-5.58741
-9.73231	-23.0481
-18.7801	4.18711
0.621589	-0.282917
-1.13442	-8.73386
-8.9159	-8.85869
-7.13938	-2.40182
-4.036	-16.5419
-16.0263	4.04697
4.32518	-10.211
-12.211	0.932337
2.7438	-2.31846
-4.87483	1.96773
1.38816	-11.2692
-11.598	-2.69285
-2.50697	3.346
2.34488	-30.8991
-31.0022	-10.5217
-10.1015	-17.0485
-12.6763	-4.01919
-5.80372	3.94533
2.71478	-3.5032
-5.6839	-0.968767
-0.235785	-5.67448
-4.57516	-8.61914
-7.7344	1.33778
6.75352	-6.59541
-6.09322	4.17911
-2.20563	-0.709897
-2.646	-5.39299
-8.63326	-16.2556
-19.7572	0.550085
-5.94308	-12.7288
-12.7127	-16.6423
-19.6896	-14.6751
-7.599	3.20072
4.89652	-4.61808
-4.69946	-9.58052
-8.19372	-0.846132
-2.93407	-17.2136
-19.0529	-3.34486
-1.1626	-1.46496
-1.72369	-5.26095
-4.15076	-4.43289
-4.31369	-5.32257
-3.5112	-17.8564
-17.0753	-27.5078
-27.8771	-6.00313
-6.75505	-10.6059
-11.1326	-6.92562
-6.99314	-15.8847
-19.2055	6.30627
1.60301	2.82344
0.617516	-10.4541
-14.4416	-7.80047
-6.04271	-8.89218
-9.68606	-2.90617
-4.49403	-4.39229
-2.8765	1.29937
-4.1414	7.57366
-2.74186	2.83202
5.68707	-14.2844
-12.5951	-18.1261
-13.3699	7.10748
6.71572	-23.4169
-23.8703	-0.275115
-0.193609	-21.5539
-23.5652	-2.6163
-7.19298	4.75851
-6.66689	-0.825081
1.07982	-3.63131
0.700903	-7.01072
0.322942	6.3477
-3.67051	7.92409
-2.59256	2.69666
-3.18792	2.06797
-1.63415	4.28531
1.39079	-12.9738
-15.1884	-22.9481
-25.4643	-3.2773
-1.33066	-21.1857
-15.4727	-14.0621
-12.585	-11.4557
-4.68192	-3.15691
1.85889	1.52529
-4.92014	-10.5362
-2.50797	-4.19417
-14.7667	-17.5745
-5.90348	-5.53686
-3.33687	-10.14
-9.47575	1.11907
3.0347	-1.12865
-1.04758	0.420671
0.469551	-8.17087
-6.82265	-8.35981
-3.21585	4.92349
3.26973	-9.80465
-18.5089	-5.79637
-8.89265	1.12112
-2.50658	3.88818
20.9229	-9.57016
-7.78096	-12.7305
-6.16749	3.63124
4.50677	-17.1379
-16.8641	1.47195
-4.88353	-0.725581
-9.44622	-0.696798
-1.64633	4.7606
-1.24236	-1.14322
-3.28739	-34.6321
-32.6195	-1.30851
-6.79426	-14.8671
-9.84143	-12.2207
-10.6073	-8.78209
-3.07629	-5.48851
-6.33656	2.31546
12.5502	-19.3264
-14.7684	7.38266
7.90335	-1.60727
2.77553	-11.2445
-11.5547	-0.752856
6.75539	-5.38593
-6.19704	0.566193
4.98366	6.17183
3.20397	7.63642
2.67449	-23.6909
-22.4204	-13.6832
-12.3829	-6.15868
-5.91446	-5.28603
-12.2902	-2.89225
-6.5163	-9.58177
-5.07731	-0.36955
-2.65209	-4.70589
-3.02887	-17.0791
-17.5458	0.0337611
1.40885	-8.64888
-9.05129	-9.36193
-13.536	-0.835881
-0.381919	-0.84437
-0.56669	5.8364
-0.168593	2.85106
3.30367	-9.43044
-11.1222	0.635862
-8.44151	0.835673
-0.192405	-20.69
-23.4617	3.91969
-0.979087	-16.6023
-19.408	-7.27047
-11.6166	5.78056
3.06876	-7.16603
-1.04702	1.22594
-3.86984	-3.79191
-4.93809	-4.96879
-4.91838	-7.17948
-3.75362	-4.1186
-9.84974	-7.32668
-0.935462	-2.27015
-3.18901	-3.71209
-4.95653	-17.7509
-18.2808	-10.2174
-3.9005	-13.9858
-2.66787	-20.7192
-18.7143	-22.69
-24.376	12.0378
12.8697	1.37003
3.16302	-9.06949
-10.4602	-2.50151
-7.70692	0.765551
1.13676	-9.9954
-8.63115	5.10933
1.19673	3.6106
-1.19912	-2.69805
-3.76295	-0.0881615
-2.59034	-10.7016
-9.1043	-25.3884
-27.5589	-1.6842
-3.19844	-9.69488
-10.621	-2.82525
-4.08839	-4.82449
-5.41043	0.788776
0.960164	-10.977
-10.1598	-9.89142
-12.6737	-7.57863
-2.90013	-3.7687
1.25891	-2.40804
-5.32091	-11.2743
-2.33556	-1.00298
-3.83301	-1.35459
-0.819751	-5.82781
-1.08784	-5.35645
-4.91441	-2.9382
-9.75667	1.44639
6.01569	-6.53465
-3.77992	-15.4109
-7.82308	-12.3559
4.19767	-1.37081
-2.57698	-0.877208
-6.02395	-4.67555
1.0125	-3.18968
-8.37628	-8.34926
1.50274	-0.00935078
-2.53315	-1.43946
1.37294	0.174655
-13.6149	-0.156721
1.49546	6.21029
-0.251645	-0.159834
-9.85532	-2.1775
1.97444	-4.38519
-4.45861	-11.9087
-10.6177	-5.95022
-2.9391	-5.41898
-3.29058	-19.2078
-6.88967	-16.7484
-11.859	1.57659
4.17491	-7.15076
-8.25084	-1.21724
4.79705	-0.488163
2.78237	-1.17076
6.40062	-3.95306
-0.320599	-5.26881
-7.43498	1.28801
3.93656	2.04675
-9.3569	2.54989
1.24955	-6.34833
-1.50788	-12.6429
-7.43365	-24.4849
-25.838	-14.0379
-12.8483	-12.0563
-12.2942	-14.0827
-13.2841	-18.1627
-16.4829	3.85741
-4.4732	1.47661
-1.52428	-13.2582
-6.96828	-0.748605
-2.63797	-5.74401
-10.7029	-5.2868
-2.51424	-9.96551
-11.7233	-2.6561
-4.62647	-0.283331
-7.91854	-7.54979
-6.56416	-13.9639
-10.8352	-10.825
-14.3497	9.65909
5.58132	-20.6807
-18.4744	-16.7434
-16.9806	-25.0576
-27.237	7.63721
1.278	5.05907
3.29053	-9.92432
-19.4179	-0.867481
-0.185652	-7.6346
-6.84034	-5.04179
-7.01103	-0.188575
-0.450213	0.0324285
-4.88549	4.60745
3.44065	2.08766
-9.0064	-9.7323
-11.5208	-11.4185
-18.2375	-4.2194
-19.9593	-5.66615
-9.4818	-5.41232
5.12863	-9.20395
-14.6202	-11.9146
-6.6276	2.33648
4.56718	-15.15
-13.7763	8.82358
6.29689	-11.4309
-5.64827	-7.11203
3.65587	0.920957
-8.24032	-6.22504
3.46526	3.70244
5.97719	-1.46474
-3.9731	-29.8439
-29.8995	-13.8236
-17.2615	0.614805
-3.10586	-19.4461
-23.4827	-6.11035
-4.10079	0.868565
-8.10395	-6.11954
-7.18809	-1.24821
-4.3066	3.63424
4.03714	-6.54375
-3.90763	-3.715
-5.75561	-6.13098
-9.60455	4.02977
0.846037	-6.91286
-8.82992	2.51048
1.83975	-3.84206
-5.43802	1.05627
-1.10613	-11.1955
-10.7782	-16.9242
-12.9149	-11.7237
-12.5929	-5.07582
-7.36426	-32.0176
-29.7165	5.31282
3.39457	2.85316
-1.5434	5.1437
-4.66825	-12.0554
-10.1108	-4.20902
-5.9613	-4.33728
-5.4154	2.85575
3.01823	-0.522875
-2.06718	-1.05556
-2.48143	-1.0465
-1.62479	-14.9569
-15.5356	-17.4195
-12.7907	0.532546
0.1541	-30.6733
-27.3268	-9.18984
-8.63763	-12.5422
-15.0026	-9.63621
-4.32423	-2.70285
-2.67678	-3.33902
-4.1131	-8.0574
-9.04333	-1.40602
1.32463	-6.64202
-15.4922	-0.0207518
-4.12798	-8.19796
-11.9124	2.47134
2.84647	-2.88923
3.15993	-10.1189
-13.4053	-0.197957
-1.22447	5.97488
-11.2306	-4.27698
-10.0071	-17.0906
-14.9336	1.40435
2.02067	5.81888
-10.3378	-15.3393
-0.356646	6.76764
-6.31773	-3.85405
-9.86687	-8.76915
-13.2282	-17.1278
-15.1308	-1.69157
-4.98667	-1.88795
-7.94674	-3.59197
-0.367077	-3.90826
-4.03427	-13.5628
-12.4779	-24.5467
-28.1918	-4.8138
-6.61876	-4.68208
-8.64466	-0.129172
-4.89563	-18.0507
-13.5639	-1.00591
-7.48358	-6.77729
-12.6126	-10.7861
-9.96006	-16.4243
-18.9089	-10.4853
-8.62442	-13.8366
-11.4239	-8.12659
-13.659	-10.6145
-4.25664	-6.76608
-2.12023	0.287328
-2.90751	-17.7746
-20.1348	-15.5187
-15.3953	5.2224
-1.31601	-4.30042
-4.57179	-6.75696
0.813544	-4.66095
-2.1639	-5.99832
0.285034	-8.23076
-2.73632	0.11971
-0.102033	-4.12146
3.40074	-5.24388
-5.31305	-3.32186
-3.0436	-6.76272
1.74248	6.56294
-1.86192	2.44437
-7.90416	-5.34232
-7.19694	-12.2229
-5.52884	-7.66135
-1.33715	-2.9262
7.69182	0.688869
-5.24262	-2.34885
-3.64041	-0.790237
-5.93262	1.88569
9.90756	-23.2639
-29.4874	-11.0838
-12.8203	-15.0983
-17.563	-11.6554
-15.0598	0.0714721
8.26091	4.36881
6.10383	7.71388
0.1154	6.50606
-0.862221	-0.0194845
-2.14583	-5.63408
-14.3075	4.60278
6.64764	-3.28549
3.59365	-0.139563
-1.62958	-28.9771
-30.5875	-14.1578
-13.4066	-10.5525
-3.24647	-21.2881
-26.9515	-7.98902
-8.88752	-0.254827
0.435187	-5.96741
-4.40516	-6.99228
-7.60723	-1.18971
-1.71493	-10.2303
-11.4119	-12.5015
-13.0494	1.89928
0.493086	-6.52519
-6.44563	6.63307
6.20606	1.82828
-1.24384	-4.26503
-4.83855	-4.34985
-4.85464	-11.3031
-11.6029	4.49481
2.41448	-24.4108
-26.2871	3.93949
3.24974	-20.6744
-11.9575	-14.3366
-9.43433	-8.59996
-3.64078	-11.3771
-9.88271	-14.3823
-10.5946	-4.56597
-14.496	-2.23022
-8.71539	-5.80227
2.53614	-5.61784
-6.64137	-3.594
-1.85038	-3.58173
-7.20078	-12.0046
-16.8421	-21.0811
-24.3848	-5.79169
-4.64826	-18.4061
-16.6551	-2.84797
-4.31529	-4.49305
-1.28119	-4.02684
-0.783497	-6.67578
-4.05362	-21.2556
-12.6289	0.950628
-2.09939	-3.92623
-10.2464	0.0422881
2.19033	-3.83331
1.55072	1.99131
-6.44697	-3.5129
-4.33123	-2.47259
1.21704	-12.6206
-18.5258	-5.86672
-1.84388	-5.44414
-4.21149	-30.9918
-27.7356	-11.7092
-10.7691	-15.1374
-11.4868	-9.73734
-15.8655	2.9295
1.23316	-4.40881
-5.64811	-5.46048
-2.05238	-2.6416
-10.1151	-2.72113
-7.86553	-4.38015
0.531381	-3.52239
-0.319461	-4.48379
-3.04825	-0.73432
1.87369	-8.62264
-6.18316	-20.6592
-17.1453	6.64623
5.75561	-15.8367
-16.4842	5.46135
9.21009	-30.9445
-27.2352	-16.5345
-16.5674	-2.96307
-6.66819	-17.26
-21.6452	6.81746
4.86609	-10.8454
-11.8749	-8.50727
-9.18853	-6.21227
-3.89701	-3.44779
-1.22218	4.56596
2.55758	-1.56288
-3.90956	-6.01849
-5.64136	-4.44232
-2.75919	3.95448
2.59735	-15.4635
-13.2748	-7.01049
-9.83726	-4.29908
-10.1378	-6.62469
-5.50543	-6.60521
-13.7408	-15.5274
-4.15583	-3.32782
0.336256	-6.31053
-2.39449	-3.58019
2.14893	-5.42002
-7.00122	-3.62318
5.10781	-1.40267
-6.52781	-5.63306
-8.72966	-16.6814
-13.933	-8.59871
-15.2814	3.42232
1.44005	-34.3907
-34.8099	-10.4861
-14.4027	-2.47478
-6.4044	-19.3825
-7.0377	2.157
-7.82849	-1.98946
4.07529	-7.26578
4.88225	-4.90637
2.26534	-7.66096
5.67828	-2.08821
-11.8064	-1.20898
6.18363	3.61545
0.984065	1.88817
-0.897912	-18.8442
-11.0109	-18.775
-22.1632	-7.6684
-4.31069	-20.6075
-21.988	-11.698
-12.6486	-7.77474
-7.80201	9.2096
12.0342	-2.4151
0.62171	-8.36967
-5.88884	-8.30583
-0.643527	-14.6359
1.94873	-5.1323
2.77543	-11.5301
-0.343652	2.30731
8.66848	3.26053
1.50822	-4.00062
-1.29357	-24.8787
-27.4014	-11.7816
-4.60612	-6.78853
-5.43714	-1.31802
-13.4819	-10.7685
-10.44	-7.85313
-17.9909	1.66808
4.09419	-4.41426
-4.72069	-1.22204
-1.57375	-15.5306
-3.96988	-8.81741
-6.04086	-3.29916
-9.20369	1.52719
1.91173	-2.51858
-3.74184	-1.69946
-2.77387	-1.89285
-1.45456	-0.700706
-1.05575	-14.741
-16.0574	-14.2369
-15.6334	-12.4178
-10.1064	0.940035
2.67201	-12.9386
-11.0367	1.17584
-0.356098	3.48598
-0.690385	-20.7073
-21.2372	3.39078
5.8858	-0.822671
-3.82877	-5.11134
-10.861	-4.1992
-0.874187	-4.39841
-5.22566	-1.24813
-0.574549	-2.91925
-0.961611	-7.08591
-7.95128	-16.2365
-16.4722	-2.1402
-4.03625	-5.72175
-6.11608	-4.42881
-2.10319	8.41429
1.39863	5.55294
-1.60619	-9.22818
-7.92778	-8.06704
3.36581	-1.64188
0.156798	1.90645
2.5838	3.79649
3.22654	-0.67003
1.7456	1.88805
9.52095	2.56669
7.02253	-1.25115
1.84443	-27.1542
-27.4544	-14.0659
-15.2542	-13.4906
-11.1492	-1.01599
-8.443	-16.7053
-9.8861	-5.99979
4.91816	-5.3575
-8.31229	8.16713
7.99241	-2.29639
0.393117	-0.00657605
0.447762	-6.20176
8.20615	0.213095
-0.909519	-2.84156
2.29142	1.1282
-3.00605	1.88934
2.36125	-7.0523
-2.1322	-20.9248
-21.2702	-18.829
-16.8345	1.89967
0.468764	-4.99454
-3.06763	-2.50209
-3.96708	-3.31884
0.39653	0.294659
-8.73017	-7.32814
-2.15318	-4.1143
-0.077058	-6.52835
-10.5259	2.08681
2.29312	5.42104
0.203087	-4.46005
-5.40578	-2.8256
-8.30897	4.49143
-3.88897	1.24782
-4.04982	-6.86962
-3.64845	-4.37252
-11.1674	-1.80009
-9.60342	-6.60971
-2.62079	-13.0785
-13.4205	-18.5773
-18.2775	-13.0093
-10.506	5.71336
6.72645	1.50682
1.02244	-14.6339
-11.3507	0.291942
-3.36458	-16.798
-5.62828	-11.1837
-0.801768	-12.2364
-7.32648	2.0496
4.96672	0.515223
-1.75387	-1.9143
3.64943	-21.3199
-23.2911	-8.44682
-8.19642	-1.72007
-2.0331	-8.21157
-8.07197	-6.79599
-6.25239	-7.72346
-8.47398	0.653388
2.00428	-9.75089
-5.4223	-14.2664
-15.8853	-4.76997
-5.46243	-5.58463
-4.0184	-6.33947
-5.83864	1.25452
2.72853	3.97639
3.87911	1.03911
0.771261	-0.15841
-2.60863	-1.85506
-1.80494	-6.89721
-7.6447	-5.53779
-8.40149	-11.1515
-9.91233	-16.183
-17.3594	-5.6272
-10.1968	-5.44117
-6.50332	-4.29963
-6.71787	1.52606
-3.28966	1.8608
1.3596	-9.79083
-13.8417	-0.512801
1.17915	-5.69844
-5.28293	1.46817
0.287397	-0.995145
-2.7325	-1.27535
-3.66027	-6.77501
-12.3193	-4.88429
-7.06256	-9.16849
-8.98936	-3.38859
0.355486	-10.8053
-13.7718	-1.77106
7.07298	-3.38417
2.16769	8.03312
2.74767	-1.45641
-4.94843	-11.8837
-0.920564	-2.02779
9.17419	2.91423
4.88716	2.43634
-0.869617	-0.0535543
-6.29827	4.71403
-2.01195	-5.34031
-5.8301	-10.8465
-14.065	-11.8523
-11.1576	-0.605681
-0.294079	-23.6123
-25.1021	-12.7189
-16.6858	-5.11142
-3.66475	4.09259
2.90528	-10.434
-10.2173	2.00079
1.55793	1.57388
1.02727	-19.3164
-17.9723	-2.36866
2.83061	-7.80183
-9.29277	1.77862
-1.20006	-2.1275
0.169512	-8.63742
-3.28305	-10.3489
-9.99137	-3.80744
-2.42629	1.30009
0.46318	-12.4535
-14.2352	-11.7975
-13.7016	-15.1548
-14.1	0.175888
2.36568	4.04972
5.53051	-8.08057
-9.61549	-7.75888
-8.60024	-4.99228
-4.81683	-6.14255
-10.118	3.69278
1.11729	3.29085
-0.0321138	-1.05547
-0.175556	-4.12672
-0.126343	-0.0654061
-0.99632	-13.5889
-10.7967	-16.5312
-14.1777	-21.5938
-27.5091	3.1635
2.14189	-4.33446
-11.7377	-12.2664
-3.2364	11.761
7.25372	-20.6605
-20.1647	-2.22104
1.05012	-7.27668
-9.20225	-4.39048
-0.379771	-4.9202
-2.60065	4.88927
3.20476	7.32138
5.92222	-3.71405
-2.33612	-5.16496
-4.61251	-10.4349
-11.9962	1.19771
0.906284	-25.6249
-25.0666	-1.01586
-3.1122	3.84865
4.2479	-4.13029
1.33852	-19.9156
-11.4779	-10.1159
-12.0151	-4.63675
-8.262	0.684132
6.6758	-6.81787
7.30061	-2.59295
0.317226	1.53198
-0.88156	0.898517
-0.503174	5.96509
2.97968	-13.8494
-22.6932	-14.4403
-17.1429	-1.85688
-1.76262	-8.53881
1.95382	-3.56691
0.0129005	-5.6285
0.0407473	-2.31993
-0.663394	-12.5112
-8.61261	-3.70729
10.2164	5.9796
-10.7674	-1.37394
8.291	3.18042
-0.517944	0.485518
-5.1826	7.14079
5.94015	1.45021
-6.82311	-0.278506
-4.0144	4.55173
-2.81212	-5.13835
-2.71553	-4.68449
-4.0291	9.74247
4.65085	-2.73794
-5.71899	10.2528
7.47972	10.7629
2.36076	0.0227939
-2.02716	0.113949
1.30603	5.72593
-3.29113	-3.79869
-1.36099	-28.3519
-23.0764	-12.9126
-12.031	3.26221
-4.72852	-11.4148
-7.64802	-11.316
-8.43063	-18.9602
-14.8024	-10.3237
-10.2176	2.9836
6.83223	-9.92641
-6.98709	0.450844
0.00283829	-20.0106
-18.2226	-5.56549
-9.09443	4.43972
2.92118	6.03674
3.03612	-2.07418
-1.45627	-0.951334
-2.17079	-7.81655
-6.78787	-8.67192
-8.76611	4.77589
5.01495	-24.9016
-17.2664	-10.537
-18.4653	-13.0339
-6.4387	11.5031
14.9316	-8.40019
-8.81252	-12.4308
-10.4221	0.040688
-3.99288	-7.66147
-3.95122	-5.97487
-4.23542	-0.617611
-1.61198	-5.71839
-5.12282	-2.71277
-3.3862	-6.73827
-5.57649	-15.4391
-14.9969	-25.8925
-23.9469	-13.454
-9.75645	-10.9735
-8.68618	-9.41199
-9.07742	-9.78477
-4.6663	0.163062
0.372257	-3.42384
-1.45631	-10.4935
-15.8238	-10.5885
-3.89777	1.10943
-10.8275	5.18644
10.6026	4.62552
1.04837	-1.04643
8.52006	-3.03969
0.555587	-6.0438
-4.43965	-11.5794
-10.8687	-12.7549
-20.6054	-4.85511
-7.92601	-15.9437
-12.5469	-8.90159
-4.77065	-7.33065
-1.71019	3.49818
4.59482	-17.1543
-19.0153	-16.1033
-12.0973	1.30637
-0.405518	-15.6672
-8.46406	3.24135
3.55973	-9.3088
-9.44646	0.0724186
1.19303	-5.6472
-6.57853	-2.94756
7.07525	-15.8697
-14.899	-20.3303
-20.5571	-6.95585
-4.47909	-3.55125
-5.77573	-0.605573
-6.34546	-10.0848
-7.07964	-7.42835
-9.16454	4.17297
8.37237	-2.37123
-7.65111	-10.1768
-8.19946	-13.2146
-10.5908	-7.7027
2.44162	-8.57993
-7.11323	0.965142
1.71716	-1.69146
-1.17375	-3.32111
-5.16334	-15.1186
-15.668	-6.86175
-8.12384	2.72202
2.52659	-18.9148
-17.7006	-16.8189
-14.7323	-3.53797
-2.16498	4.6828
5.24893	-8.40948
-13.8915	-6.1709
-7.37155	3.72467
2.57316	-15.8579
-16.4727	6.33466
-1.13614	0.55235
-9.02838	-7.55249
-0.610607	-2.24352
-2.82628	-8.0688
-1.03749	-29.4963
-29.3328	-13.9694
-10.4721	-7.95558
-5.22968	-6.07906
-11.8769	-16.6785
-6.28011	3.93993
0.818605	7.4039
0.358967	-4.92182
-6.88115	1.6091
-5.8517	1.55502
1.84757	-15.743
-14.0422	-2.38475
-5.04022	4.88873
4.94086	-5.93923
-3.29049	-0.69975
3.31904	-4.85984
0.755795	-10.8399
-4.00902	-12.6647
-9.80319	-5.64536
2.71987	-11.8687
-10.2072	-7.87294
-5.43862	-4.48616
0.181259	-1.9603
0.716905	-2.88176
7.14748	11.9601
0.709004	-2.20281
-4.54134	-2.10174
-1.307	0.835754
-9.54739	-4.4788
-7.64207	-2.81502
-7.5296	-4.46212
-5.45027	-9.76438
-2.42291	-8.92988
-9.5646	-29.1944
-27.894	-5.34879
-4.20767	-10.0537
-6.94279	-9.21525
-7.30539	6.00467
3.33474	0.40722
2.06882	-10.203
-10.303	-13.7168
-4.06565	0.123644
-3.54286	-7.66601
-2.3154	-5.04382
-1.18678	-0.371592
-10.1537	-2.78945
3.46159	2.43983
-4.03573	-0.900235
2.27596	-11.0717
-13.4354	3.54923
7.35822	-7.90266
-6.47382	-21.5174
-26.8961	-6.10104
-10.2939	-19.7118
-17.1	5.08104
-5.73975	-4.6405
-4.21798	-2.67819
-3.99699	-8.69573
-2.28439	0.659922
-6.70636	-6.12348
-5.77316	3.48477
-1.12763	2.69281
6.28625	5.85488
-0.338618	-1.61274
-0.23771	-22.2584
-22.9199	-16.7604
-18.4982	1.9773
-7.26224	-15.7126
-12.8108	-7.07884
-7.77975	-2.42129
-1.0033	3.13874
-10.7118	-1.80355
4.48726	-7.87332
2.88828	2.04314
-2.11539	-16.4831
-1.19456	5.37016
4.48734	1.27715
7.15912	6.32141
7.94121	1.35447
1.61274	-0.727964
2.69824	-23.6172
-23.378	-18.0608
-18.647	4.11961
-0.793569	-15.9051
-4.86439	-2.24013
-1.10145	-4.16577
-2.377	-5.45336
3.42856	3.69561
6.61905	4.33177
-0.635826	4.6614
-12.6892	-4.55647
-0.897614	2.11961
-4.62388	-2.85604
-9.8993	-1.10625
-8.51856	-5.24334
4.36279	2.17943
-4.60285	-13.4949
-17.9409	-28.1625
-22.4201	0.709873
3.22395	-27.7887
-29.7658	-14.6398
-15.2562	4.82764
-1.00831	-3.46715
-16.5314	-15.4315
-2.08928	-7.9081
-4.18796	-10.6881
-6.54587	-2.40357
4.16954	-0.431888
-6.49723	-15.4777
-8.22216	-8.44619
-5.71306	-5.30861
-2.34783	-0.290403
-1.97676	-12.1644
-10.9966	-9.22431
-9.16732	1.31697
0.160764	-8.75744
-18.5817	-20.8813
-6.82274	-4.58044
-9.70385	-1.32345
-6.2482	-6.49663
-3.69717	0.742345
4.59191	-9.55568
-6.29584	-11.3858
-19.3465	1.07019
5.94244	-7.12672
-5.41861	-4.6633
-5.59866	-1.94408
-1.67575	-2.67851
0.126508	-8.32962
-7.69199	-1.73293
-0.0988693	-4.34189
-2.73475	-11.2485
-6.65834	-19.6301
-16.5507	1.71237
-2.8205	0.0768513
-4.99812	0.134606
-15.522	-10.4398
-6.63465	-2.24804
-3.71884	-4.73156
-14.4843	0.58694
0.102275	-1.97689
2.08702	-7.29281
0.462633	0.9466
-5.89224	-0.444564
-1.80273	-2.59262
-2.90337	-8.62255
-6.802	-0.748817
-2.08733	-16.9055
-16.1852	-7.0658
-7.06998	-19.2203
-14.9916	-5.33875
-4.8699	-2.83755
-7.37998	-4.45666
-5.56864	-2.48938
-1.88517	-5.47768
8.73719	5.06265
-2.88336	4.25027
-10.3533	2.7221
5.04823	2.05798
2.91705	2.09346
0.410037	-26.9882
-26.9645	-6.30569
-5.37615	2.67876
3.81633	-23.9168
-31.1553	-8.0081
-10.9181	-13.305
-12.2205	-9.45936
-7.34313	-0.366315
0.924914	-11.1469
-7.70175	-3.85757
-3.97093	-5.62887
-6.02109	-2.17794
-3.07075	-7.85702
-11.8489	5.46285
2.20394	1.42854
2.48114	0.37701
-1.08892	-16.9589
-17.1783	-12.6712
-14.5053	-3.64207
-2.20801	-26.2028
-23.9624	-8.90446
-12.0741	0.404331
-4.71782	-0.588231
-3.81616	-5.76546
-6.85253	-16.2597
-17.2181	6.39326
6.86139	-11.6291
-11.42	-9.70801
-7.58783	-1.72347
-4.46751	11.5133
10.4596	4.05118
6.03702	-1.5444
-0.339819	-6.95379
-6.67062	-16.1573
-16.3533	0.258779
-1.92539	-20.399
-22.024	-10.5405
-13.1704	1.16547
-0.279397	-2.79651
-0.126305	-13.3054
-16.408	0.55081
-1.21676	6.34311
2.05759	-6.50326
-5.81851	-2.65665
-6.15703	-6.7228
2.94104	-3.36985
1.17251	-4.56601
3.22082	-3.97004
-4.58693	-10.275
-10.9904	-7.87923
-7.00033	4.3955
5.5542	-28.8074
-27.453	-15.181
-21.3801	-5.75603
-13.6486	3.72337
1.8839	-7.7369
-7.56224	-6.46008
-10.0237	5.02068
1.89	-5.63255
-3.40452	-13.8719
-11.0234	-0.0547768
-0.375506	-5.68893
-5.46153	5.70034
5.52528	0.388621
0.154786	-6.50938
-6.20935	-19.1459
-17.9801	-12.0861
-9.68265	-8.81382
-7.90808	-13.901
-14.6052	-23.1134
-19.1942	6.88635
7.99907	4.27306
0.970085	-12.1226
-11.0839	-6.02826
-6.66632	-6.1134
-5.8652	-3.35369
-3.12604	-2.56955
-4.38675	-0.532054
-0.771343	4.98706
1.23602	-1.94155
-1.27387	-10.9694
-18.4802	-6.43411
-3.86646	-9.71108
-10.433	-0.252114
-2.83074	-6.73967
-7.98563	-2.71886
-0.538348	-3.56645
4.32978	1.12237
4.42902	-0.602171
-9.19735	-10.2145
-8.902	-5.42671
-6.44172	-9.07146
1.52477	-6.07666
-5.18029	-2.50268
-3.2751	-3.07143
-0.0546285	-0.907222
0.0810931	-5.83718
-6.085	-8.58438
-7.65963	-3.05086
6.26475	-4.06117
-5.63117	-15.1668
-15.1759	-16.3079
-5.67772	-17.4507
-8.10777	-6.51132
-4.76155	-0.49944
-11.4361	1.65058
-3.69724	-6.03295
-6.8351	-2.20389
0.0363268	-9.91165
-10.7404	0.505716
-1.68722	3.40416
8.07745	-0.555041
3.82439	-5.03949
-4.21613	-10.8565
-10.1868	3.92196
1.9583	-16.9289
-17.9791	-10.7119
-16.27	-9.45796
-12.7706	-4.7755
-1.62635	-6.29179
-8.42077	-6.17652
-8.67829	-3.3859
-8.98312	-0.180476
-3.12066	2.87365
-1.523	0.799445
2.68213	7.21551
6.25749	4.80921
3.08614	1.88092
-2.78898	-21.2846
-21.9791	-17.0913
-16.5015	-12.1032
-11.2145	-19.0101
-19.9032	-12.5375
-12.951	3.97932
-5.07488	10.5214
2.21413	-0.175941
-4.44158	-6.25759
0.514924	-2.35679
1.41024	-17.0104
-16.9074	-2.86797
-1.24872	-2.68432
-4.2343	0.175977
-4.38524	-1.59211
0.230053	3.87646
1.96482	-28.5658
-27.5281	-8.16361
-11.441	-15.7811
-11.4223	-1.5138
-11.2164	-8.6154
-13.921	-1.13966
-1.86377	-5.16353
6.72281	-14.3516
-12.4046	-9.60191
-13.2355	-1.45586
0.189176	-9.56367
-9.41393	-1.78117
-1.10583	-0.6418
1.41193	-0.762996
-3.98264	-5.26766
-5.13932	0.685491
-1.14353	-13.5233
-4.72058	-19.3168
-25.9818	1.42043
8.64718	-11.5624
-12.3671	-15.5048
-2.98754	-7.35619
-16.9233	-10.4527
-5.34363	-6.85653
-6.3185	-5.94621
-4.69105	-6.74812
-7.2813	-9.15587
-4.09722	-7.12908
-11.0742	-5.94769
-1.86461	1.02372
0.765814	0.916939
-0.355431	-4.28507
-4.0529	-15.3545
-23.8072	-13.3259
-6.80437	-10.0083
-7.06389	4.03382
0.218977	-6.5781
-13.0134	-5.18599
0.5088	0.137488
-2.15599	-0.401149
6.70872	-0.637788
2.4225	-6.64284
-7.32429	-10.6764
-9.03683	-2.22509
10.9223	1.08099
-10.7973	-5.86143
-1.14049	4.80801
4.96786	2.22768
-0.897832	-21.0627
-22.3989	-17.122
-17.9197	3.75384
5.88583	1.03541
-5.84193	-3.50816
-0.624307	3.6436
3.99178	-9.48003
-10.0649	-0.0555576
3.19021	-6.31416
-9.68804	-8.79838
-1.39848	-1.00767
3.82315	1.05471
-7.50454	-3.01714
-7.44167	0.173446
1.35343	1.06113
1.99217	2.47556
4.31679	5.49785
-3.80511	3.67861
8.89233	8.96395
5.45211	6.54099
-0.612308	0.920298
0.164394	-14.4369
-16.1069	9.42857
11.0605	-5.54078
-3.47842	-23.6781
-21.3464	-10.9811
-12.0721	-9.18428
-6.66398	-7.82504
-6.42963	-4.06091
-5.62117	1.09524
-3.14083	-10.5781
-5.17282	-14.7479
-15.0988	2.61161
0.185085	2.2917
3.7278	2.69437
2.72838	2.20343
0.68722	-1.15509
-2.64574	-7.60081
-7.92107	-13.7441
-13.9702	-0.423288
-11.7355	-3.00991
-10.3297	-6.57978
-11.1851	-12.8583
-12.3061	-4.56927
-0.589578	3.35468
1.58158	-11.2607
-10.9586	-14.1376
-13.6346	-4.79754
-10.2921	3.69039
-1.64624	5.22792
1.34887	1.52463
-0.937973	0.200379
1.09747	1.72399
1.01425	-28.0308
-28.5704	-20.5426
-22.1461	-11.6447
-0.414675	-5.9661
-6.75752	-13.3512
-16.4768	-21.6392
-21.0771	8.06466
8.95311	1.80791
5.21699	-1.45228
2.13566	-13.038
-16.9453	-9.99049
-7.22906	2.1674
-1.30419	-6.34341
-5.50891	-6.55287
-0.72591	-1.98222
-0.0883906	-4.02076
-1.28592	-16.5894
-15.0214	-14.2511
-21.4267	-11.1091
-9.11116	-9.74534
-8.70259	-7.66061
-7.41722	-12.2662
-10.7196	8.27352
5.82553	-2.85031
-5.74528	-7.61844
-7.39133	-13.1494
-14.8775	-3.83511
-4.12726	-0.409381
0.942425	-2.55787
-3.81226	5.14477
8.13386	-2.01746
0.888082	2.27164
-1.72932	-6.84146
-8.03555	-13.3063
-14.0718	4.60431
6.69043	-15.9578
-12.5567	3.93846
6.12645	-32.4263
-31.1448	-15.213
-15.8514	-9.71294
-11.8898	-4.7393
-8.09308	5.67984
3.63056	-5.18388
-9.37224	-6.08626
-8.41891	-1.28035
-0.0865739	4.79621
6.26137	1.62447
-0.0491637	-1.30282
-2.08576	-7.89945
-7.76559	-16.3504
-15.2511	-23.8606
-20.7483	-12.415
-13.3817	-0.754415
-1.82223	-18.8079
-19.416	-16.1149
-14.4915	-7.48862
-6.67471	0.0313216
-7.59404	-1.9281
-5.06932	-6.17625
-6.27866	-6.40517
-5.70191	-2.28652
-6.04327	-2.99425
-0.42792	-5.19458
-4.86807	-0.518503
-2.36249	-11.7591
-11.3538	-14.8684
-16.6279	-9.35716
-14.9582	-13.8792
-9.61771	-6.12762
-6.64498	-14.1592
-14.322	3.62791
4.33006	4.44187
1.58475	-11.9959
-14.6757	-5.88174
-8.59547	-9.44342
-8.66374	-0.697331
5.06297	0.844519
-3.61673	-5.05772
-2.47163	-0.845374
-0.441578	-2.69827
-5.46851	-13.0573
-8.78282	-19.0446
-18.9429	-12.4913
-9.72882	-7.88621
-9.05261	-6.32319
-5.45215	-10.2394
-9.24267	5.08608
4.41764	-10.9571
-14.6162	-7.36007
-8.36735	-4.32716
-1.29197	-7.56838
-4.91865	-6.80873
-11.1727	1.15069
-0.863853	0.16636
2.9153	-0.125291
1.76702	1.25582
-1.7398	-3.5319
-3.10273	-5.51236
-4.97144	-1.28963
0.897208	-13.1335
-10.4124	-12.5269
-6.52636	-7.91104
-1.47985	-14.5154
-4.12796	-6.74492
-8.88825	-3.69747
0.0699751	3.79683
1.95657	3.59106
-0.608883	7.84675
11.8895	-12.1432
-11.9892	7.42668
5.30324	2.62982
-3.77565	-0.946259
-7.63913	-7.4619
-12.0303	-7.49175
-4.46839	0.325323
-2.42748	-27.02
-26.7337	-12.7052
-12.4368	-3.66202
-3.01221	1.35403
1.18587	-9.60948
-4.97959	-6.30408
-6.78203	10.1225
-4.01696	-10.3222
-26.3732	-3.41657
-0.24245	-1.85159
-4.43308	4.38223
6.44835	5.35362
-1.13633	-9.7842
-1.93142	-23.498
-17.5963	-18.2224
-18.0094	-2.28465
-3.14132	-9.2599
-13.0311	-5.7608
-10.6529	1.57193
-8.73013	-8.34171
4.38579	9.60091
-5.50599	-2.27803
-10.5234	-4.23144
0.761899	-4.95871
-4.99753	-4.94153
-2.36805	-5.88645
-0.69789	-0.16789
-3.2299	-2.43946
-2.00265	-1.75158
-0.852419	-7.22996
-6.80082	-20.6167
-19.4282	-3.49089
-3.32698	-20.5691
-15.8928	-4.78135
-1.88841	-1.04357
3.37976	2.4277
-2.18059	-2.23813
-4.92142	-13.0945
-13.3185	-11.3911
0.87889	-4.16564
-8.96437	3.93472
6.10642	-8.59316
-6.46432	-1.784
0.212488	-2.23782
-7.52451	-4.66192
-3.39538	-12.2213
-11.0217	0.769143
-0.793831	-2.35578
0.534533	-23.8441
-17.5251	-12.4181
-9.54023	-11.5431
-4.79674	-0.537384
-2.50305	2.46392
4.68106	2.51636
3.84868	1.89424
6.97141	1.15238
-1.92549	-5.70668
2.88429	4.52035
-3.11881	-5.01889
0.684757	-4.62277
-0.19664	-8.45772
-2.86738	-14.0955
-11.0886	-15.7142
-9.50838	-0.79777
-14.4369	-14.4839
-19.0014	1.40184
0.425672	-8.09195
-5.72475	-7.28961
-6.90939	-7.96144
-7.93908	-5.72853
-8.40096	-1.58213
-1.02795	-7.89812
-6.55576	-4.24802
-10.8135	2.58868
-3.69422	4.77459
0.610912	7.05328
0.600707	-5.17022
-3.69227	-24.506
-26.9797	-14.4614
-14.379	-1.5672
2.23406	-7.95365
-4.56016	5.15047
1.86652	-13.2158
-14.7268	-6.06217
-9.05227	17.8267
16.9252	-11.665
-13.0892	4.17572
-3.44208	-8.28397
-5.51685	-3.48394
-2.74176	4.74126
4.67955	-11.8435
-6.86033	0.554104
-0.0768844	-4.11223
-5.34257	-1.96621
-1.16661	-14.0421
-12.4277	-15.9237
-7.77709	-16.5427
-13.4897	-12.639
-10.7023	-1.12125
-5.47327	-0.0674515
-1.86897	-4.34146
2.46887	-3.96399
-7.64333	-5.56764
-19.1894	-13.7726
-11.881	-3.01088
-2.1381	-7.26736
-3.94568	-5.84386
-0.656455	7.4284
3.78	-4.44383
-0.988161	-18.3674
-21.0185	-19.2137
-16.3915	5.52084
-1.04755	-10.0826
-8.24994	-4.79261
-8.78157	-2.83639
5.15368	2.67645
-2.39407	8.27134
-3.24563	-3.99927
-4.22564	-0.0983064
-4.75577	-9.25971
4.18323	-3.23617
7.13558	-2.62885
-4.28021	-2.95464
-16.5835	-6.81668
1.66901	-9.02803
0.261545	-9.135
-11.9533	-6.24504
-9.50503	-6.45066
-0.0614042	-2.15296
-1.41375	-2.32232
-3.33723	-11.6779
-11.2397	-32.3063
-30.207	-11.8524
-13.6574	-5.21836
-3.96357	-1.35899
-1.36216	-7.54597
-8.6905	-5.88683
-5.46305	4.16598
4.71539	-19.22
-17.4165	-10.8007
-5.39767	-2.0157
-1.14743	0.838917
-0.571584	-4.67445
-4.2612	3.24633
3.72354	-3.01975
-5.16524	0.210794
1.83665	-8.43491
-6.09811	-20.915
-9.65297	-1.8285
-1.68781	-12.8999
-15.673	-5.74864
-6.75454	-24.4421
-13.7984	-1.30594
-9.36342	-2.80865
6.86853	-20.8867
-12.3765	-5.88148
-2.91661	-1.40572
3.6318	7.24784
-3.07502	-5.73403
2.32598	-3.30514
-8.41587	-1.32559
-1.438	-6.68273
-9.61412	-9.58967
-9.71357	-8.16339
-4.48788	-7.59676
-6.96856	-3.52822
0.0846381	-24.577
-28.9121	-10.5797
-14.4763	1.86542
-7.99288	-4.99218
2.83518	-11.1741
-8.25084	8.87992
-0.450615	-4.22432
-9.27496	-8.94294
-6.05366	-5.02425
-5.30004	4.55856
2.7211	-2.02168
1.33659	-1.29096
-1.88536	-8.06213
-8.82196	-15.6194
-17.9246	-0.6424
0.745049	-32.0611
-33.8351	-8.75613
-11.3938	-3.77135
-5.24465	1.05133
-0.320028	-1.5126
-0.624174	7.39059
6.01314	-10.1889
-10.5937	-4.63492
-2.14929	-2.46772
-2.34132	-7.64592
-8.30225	2.70419
0.726537	-5.64891
-5.15751	-2.68528
-3.78511	-17.7518
-14.4214	-15.2094
-14.8604	-3.50928
-6.10389	-19.329
-12.0898	-13.5049
-8.20346	-13.3058
-14.1648	-1.32373
-9.76908	6.21121
6.37984	-3.58024
-4.39939	-1.89664
-4.40502	-10.8595
-12.6651	-10.1232
-8.59332	-5.74688
-4.48161	-6.66586
-4.35767	-4.95206
-0.139787	-2.55791
-5.72583	-4.91195
-7.49756	-11.5299
-12.3066	5.23908
8.31322	1.13109
-3.177	-14.0467
-8.39088	3.6761
6.32138	4.64844
-6.53296	4.67898
2.71662	-3.29029
-1.78901	4.14395
3.27183	-5.23787
-13.5154	-2.41417
7.46668	-4.45523
-5.58305	-3.86289
-2.26369	-6.26572
-2.99797	-0.553268
1.53181	-11.0744
-10.1069	-26.4164
-25.1226	-0.736047
0.0185725	-17.1022
-16.7321	4.6288
7.07229	-21.2599
-19.0606	-6.2693
-7.77403	0.68618
-9.05647	-5.28834
-11.54	-2.91303
-2.55463	-1.75357
0.419722	0.200548
1.02736	1.49466
-6.65365	-1.51314
-1.33376	-1.5425
-2.37709	-2.53098
-8.65039	-14.5026
-17.4635	-25.626
-27.0022	-12.2182
-4.22726	0.676759
-11.0399	-4.4921
-3.52859	-24.773
-29.9054	5.5508
0.386098	2.56406
5.74055	-12.1563
-9.02749	7.17078
10.6813	-8.18082
-4.02438	-4.10129
-3.84366	-12.7902
-10.8203	1.29687
-2.1739	0.0758583
4.52237	-3.20406
-0.194829	-11.9757
-12.0529	-21.0102
-19.8098	-1.51833
1.05122	-24.3712
-23.9795	-5.19547
0.854928	5.52146
9.35273	-9.68263
-12.2655	-7.85508
-2.8811	-5.19009
-9.32776	-0.175199
1.51693	-1.72806
-0.358474	2.27842
0.577219	-10.134
-5.09079	1.76894
-0.658059	-2.68206
5.61994	-3.50367
-4.92736	-18.1371
-19.8768	-17.7283
-21.1755	-3.15205
1.08742	-6.16402
-13.5639	-6.00006
-7.27512	-4.40717
-2.2709	7.91991
4.69009	-2.16875
-9.69501	-4.07996
-0.0602006	3.84458
-3.17349	-7.72767
1.63231	3.32005
-4.41047	3.89648
-1.33104	6.37379
-0.374085	-0.946349
3.08196	7.4908
-1.11436	0.170969
3.10431	1.3607
5.0679	1.76352
3.0358	-1.32962
-1.84544	-7.72857
-5.47458	-8.23032
-9.85384	0.378666
4.70061	-16.4195
-15.8923	-20.0884
-11.9817	-15.4766
-6.91226	5.209
5.81001	-10.947
-9.579	-15.9081
-14.2012	2.09436
3.7977	-15.2974
-12.3799	-3.56781
1.58569	-2.77942
-3.74819	-1.16552
0.0732199	-2.7411
-0.408595	-6.89482
-2.78065	-11.9728
-11.1652	-3.75267
-2.48296	-0.797777
0.323534	-25.9205
-25.6491	-12.8055
-21.5369	-4.28999
-12.4827	-2.01804
6.10128	1.34196
-9.16969	-6.67796
-11.927	-5.93782
-8.70776	4.19726
-4.79134	1.34449
2.8577	-7.80136
1.111	-12.9363
-2.61915	-6.23576
-2.11871	-4.61671
-5.36478	-3.06633
-3.33045	-12.472
-10.6927	-9.02387
-3.68931	-10.687
-14.8287	-13.1184
-16.6376	-7.67279
0.228956	-0.630957
-3.38153	5.73648
1.3601	-2.85678
-4.99908	-3.62815
-5.9124	-0.189451
1.44973	3.19398
3.58699	-0.0568741
-4.16496	-3.49926
1.71684	10.2741
7.82591	-3.21083
-5.44002	-30.1931
-23.2388	-7.25415
-6.81212	1.52611
-0.0749335	-28.8563
-22.4528	-18.6893
-21.142	-3.78159
-3.65108	0.0349178
2.45249	4.75876
2.68559	-13.1838
-17.5945	4.84945
4.46351	-15.0633
-15.0026	-5.61728
-2.5797	-6.68574
-6.76278	0.641395
2.10425	-0.599601
-1.78914	-5.69492
-6.43214	-6.60263
-6.03565	-23.6387
-24.1419	-13.4268
-13.5268	-9.37661
-6.44944	-20.4522
-21.7849	-4.72063
-2.69738	2.3167
-0.216418	-7.22148
-4.74568	-13.8851
-14.7703	-6.36894
-6.66757	-7.08152
-12.0051	-0.527825
-7.92692	-12.5643
-8.60302	-4.12318
-7.36151	-5.7548
-6.89418	-2.34988
-1.79488	-12.3282
-17.5728	-1.24774
-6.07419	-4.31232
-11.5494	0.041921
-1.19044	-17.5866
-13.8687	1.0232
0.316213	4.1875
6.15711	4.89829
-3.14417	4.82703
4.06152	-10.0332
-4.69125	-4.06983
1.87302	-8.13274
-3.05801	2.23342
-6.3255	-8.59613
-3.78673	-3.17097
2.54062	3.94087
3.68888	-3.65895
-3.60968	-17.4525
-9.65275	6.27256
7.2606	-20.3313
-21.285	-4.43557
-6.11396	-24.2076
-23.6743	-2.50865
-4.6485	-2.07993
-2.07197	-17.9881
-17.3367	14.7092
8.68555	-12.6731
-17.2626	-10.0542
-9.40169	2.61427
4.90197	-3.02696
0.60564	4.55469
7.08762	-2.32253
1.23167	-15.1906
-16.0085	-14.7626
-15.4216	-2.72532
-3.74071	-31.5373
-35.2884	-12.3472
-12.8737	-1.61271
-4.53382	-5.50179
-8.14279	-4.06206
-2.9998	11.1174
3.1343	-9.43337
-11.8511	-16.0163
-12.9826	-4.62243
0.442502	-1.90219
-8.33835	-6.49061
-4.53239	-5.6416
-0.76029	-3.65977
-3.89633	-28.7447
-29.1865	-4.58637
-7.87552	-1.07378
-6.10163	-8.67819
-3.35392	-6.54972
-14.7121	-6.21834
-13.1808	6.64698
5.58375	0.37858
-0.724925	-9.91985
-12.1358	1.50161
3.01309	-14.2767
-12.874	-3.45544
-2.99182	-10.5271
-4.47236	1.06722
12.0732	2.51746
7.70185	-3.90031
-0.853861	-20.5035
-26.0495	-21.8619
-21.6534	-8.50003
-2.61871	-10.6408
-12.1901	-9.62728
-14.5744	-4.04312
-4.29073	6.12955
0.400977	-12.8047
-11.9125	-2.29155
-9.98357	3.0602
6.00317	-15.0571
-15.492	-6.67946
-2.35191	-3.13496
-3.02413	7.8319
5.13586	3.58909
4.80558	-2.78971
-4.01661	-7.09059
-9.47084	-2.00938
0.339718	-12.5643
-13.5011	-15.459
-18.14	1.44516
-0.776987	-19.0534
-10.4361	-13.212
-11.1287	2.58025
5.47584	-15.2415
-17.0253	2.18488
0.0652388	-13.9938
-15.1011	-4.36419
-2.76212	-6.10186
-7.62516	-0.620134
2.12509	5.63506
3.34909	3.05812
2.90121	-9.80085
-10.5356	-11.9705
-19.2144	6.98519
0.821609	-14.4094
-11.558	-11.7384
-9.99372	-7.23223
-6.3756	3.40855
3.15308	-3.41922
-1.80526	-15.8353
-10.3954	-13.3332
-12.7858	-1.68856
-7.92726	-7.53348
-9.55307	2.89231
4.99847	-2.25764
0.353488	4.22028
-0.849021	1.47845
1.73471	-4.51834
-6.94916	-9.3379
-12.597	3.89406
-1.29918	-4.52846
-5.05641	-11.2836
-7.88626	-10.8939
2.36138	3.66613
-1.66656	-6.69089
-13.8715	10.0818
3.7699	-11.0739
-10.0167	-0.392921
-11.9685	-3.21001
1.21073	-9.22691
-9.85591	-0.689952
-3.25702	1.95461
-0.0141067	-6.69396
-7.17666	-8.52294
-10.7057	-4.70148
-8.13004	-3.01347
-0.512715	-11.0935
-15.5416	-14.1398
-8.3258	-4.46631
3.98676	-3.83411
-3.51292	1.26602
5.07537	-6.51357
-9.80984	-9.70299
-4.55812	-7.69308
-16.303	-15.8834
-7.932	-8.5867
-3.67847	-2.20744
-2.23559	1.07382
2.07334	-3.58642
-5.6063	-7.59299
-8.0284	-27.2025
-25.4476	-9.05349
-13.6115	-4.23318
-6.80189	-6.00795
-8.3598	-4.73086
-0.42958	3.3642
2.10709	5.66984
0.277152	-1.0511
-2.26349	10.3938
-1.57371	-11.0906
-13.9746	-1.678
5.02782	-1.17698
-3.34379	3.83058
8.96004	0.915796
5.45612	-5.28854
-3.62693	-19.5396
-10.8261	-14.219
-19.1432	-13.5693
-15.3851	-7.06761
-12.5403	-5.41098
-1.9058	-14.9253
-17.4668	1.54014
2.74938	7.7354
1.03178	-4.74257
-5.44084	1.70982
-0.541209	-17.4302
-17.6379	-3.95319
-2.60499	0.176526
-8.56998	0.120243
-0.48212	7.85316
0.624642	2.35023
-3.40643	-16.7917
-12.536	-12.9795
-10.0679	-6.01079
-15.8581	-19.2293
-20.8382	2.29646
1.86921	-12.6266
-12.8482	-9.11738
-2.63531	-7.80725
-2.05115	-14.4338
-13.6218	1.37617
-1.0993	-2.23286
-5.43871	-6.03066
-5.93961	-1.94734
-4.1421	5.32344
2.56729	4.91437
4.04822	0.578942
0.354179	-5.23219
-8.67319	-9.47743
-10.1266	-5.55806
-3.31343	-19.3593
-20.1076	-11.0163
-10.983	-3.065
-2.91804	7.38763
6.42335	-6.91997
-4.56889	-1.86489
-4.05789	-2.77627
-2.71364	-15.9173
-15.9442	-1.81406
-1.06161	3.39686
2.03668	-6.47696
0.533142	0.725614
1.24874	-3.39353
-1.8911	-8.54994
-8.93589	-11.319
-13.8922	-4.21941
-0.892626	-23.8595
-21.563	-11.7392
-5.01239	-1.34935
-0.939095	2.10302
11.8182	-3.58247
-0.898837	-3.33744
-0.634264	-5.3426
-3.78767	-5.04835
-0.684593	3.2363
0.236837	-0.874217
5.43187	1.25151
3.03119	4.01041
1.21619	2.08798
-1.50737	-30.1818
-29.8924	-8.51948
-9.36173	-7.67836
2.64961	-5.31263
1.5092	0.458238
0.995243	0.0332134
6.5397	-7.31748
3.40652	1.37065
-1.68932	8.37965
4.72527	-3.93668
-10.7291	3.68889
0.0579873	-4.33765
-10.8057	3.59636
8.52816	-2.59431
-0.638873	-6.92098
-3.98701	-6.03319
-2.39769	-1.39539
-2.0518	-19.2197
-21.4471	-13.0385
-5.14793	-7.17437
-17.0225	-10.5541
-9.63045	-20.2652
-20.052	-9.65842
-3.54024	5.46645
7.44106	-9.48251
-9.64973	-14.8851
-9.37692	-3.03866
0.330313	-3.64945
-3.59906	-3.55634
-2.59922	2.33437
3.53525	-4.7472
-4.49428	3.08432
0.340535	-3.82754
-2.15977	-26.6809
-26.0956	-2.69432
-4.09723	-7.1836
-7.28003	-10.0285
-11.2972	-13.348
-9.97722	4.46143
2.74194	-2.89112
-12.4564	-4.70572
-1.69472	-3.28926
-12.5595	0.0422096
3.75879	-2.23481
-6.63491	-3.65729
4.08088	-1.09757
0.644743	-7.46359
-6.18602	-5.49786
-6.20212	-4.76022
-5.96906	-18.2899
-23.5264	-12.5649
-9.69751	-9.04448
-10.3237	-0.795071
-1.88266	-14.949
-13.7418	1.14912
5.04036	0.492696
-4.15838	-17.5053
-8.97831	-3.70512
-10.2234	-11.9297
-6.91736	-1.25971
-3.1337	-7.92262
2.66437	3.06731
5.80583	1.91606
4.98751	-3.67589
-4.77499	-3.42946
-3.34279	-5.87334
-4.5886	0.0372787
1.22278	-14.7116
-5.03879	-14.3721
-14.6458	-6.08033
-9.56897	-6.80363
-13.2592	-7.78974
-1.87136	0.574799
2.12909	0.414752
-7.2555	-14.1765
-11.7951	-2.3418
-4.96071	-8.68894
-2.71205	-7.00694
-2.14809	1.84939
5.51762	-3.13781
1.81841	-25.5103
-22.883	-9.61139
-6.6399	3.08504
-1.14564	-25.6469
-32.1337	-13.1043
-13.2486	-12.8061
-11.8448	-7.4474
-7.76511	-6.07312
-10.4181	-2.03247
-12.0044	2.72533
0.773403	-16.439
-11.8337	-1.01956
-1.7614	2.77814
-0.902432	-4.368
-2.42278	-1.25119
-0.0768865	-3.45885
-4.99426	-14.0931
-10.4102	-26.7706
-25.984	-9.02215
-13.824	-6.59378
-7.15908	-14.3971
-11.4494	-20.4434
-26.5111	15.061
-1.1047	-10.1976
-6.57654	-12.0363
-5.97624	5.48983
0.872315	0.732924
0.17112	6.15672
2.34666	-2.5635
-4.77247	4.14854
-12.1379	0.824962
-0.951841	-5.40728
-3.84964	-10.7744
-7.93432	-26.5657
-19.5131	-5.90925
-3.93008	-6.925
-10.2089	-16.8477
-9.03119	-19.4674
-8.529	-5.77096
-3.88321	-6.60575
0.110731	-2.74923
-7.33042	-1.08039
3.97387	2.86786
-1.72799	-1.07305
-2.72653	0.760652
-2.205	3.84473
0.696598	-6.91543
-3.88528	-1.16269
-1.20605	-8.93695
-7.3311	-21.8761
-18.2169	9.00833
10.924	-17.176
-15.1028	-4.28092
-0.017093	-31.348
-16.6564	-10.5036
-12.4402	6.92923
0.451525	-10.2028
-11.0649	-12.6378
-9.37824	-1.19241
-2.30123	-0.212739
-0.502678	-4.20264
-3.2085	1.50663
3.43223	-4.32792
-3.49093	0.396031
3.86043	-6.74324
-8.15206	-18.5039
-20.0791	1.42941
-4.10876	-5.71155
-5.90716	-2.31765
-3.95606	-6.13827
-7.29444	-6.32423
-10.5841	-9.01047
-0.453095	-1.1069
-0.840185	-5.40579
-3.10512	-4.18141
-8.12776	-4.32468
-0.91966	-2.60847
-1.42119	3.14553
5.04028	5.41349
5.78472	-2.23638
1.38386	-5.39754
-7.21849	-2.14844
-3.8614	4.52631
4.84393	-13.357
-15.6171	-13.7197
-9.94191	-12.2744
-10.5233	-7.45598
-6.87467	-11.6631
-4.75059	-1.38082
-11.8992	9.65246
5.87666	-17.486
-16.4073	-1.57722
-1.44772	-2.35451
-3.85321	0.83878
-5.62873	1.80438
2.02157	-1.44867
-3.46762	-7.86625
-15.1028	-17.1525
-18.7962	-3.50599
-3.98253	-12.1671
-9.57017	-3.7154
-15.5803	1.27182
-3.53035	5.4199
8.26877	13.4335
-0.649228	1.28975
8.25506	-6.62954
-10.0889	-22.4493
-10.1584	-8.30239
-9.77762	-3.23084
-1.21792	2.14993
1.28767	1.19419
2.47812	-0.0276103
-1.58875	-5.10691
-5.6521	-10.5499
-11.0325	8.06166
7.66058	-15.2917
-17.2911	-4.41603
-4.64708	-25.065
-21.1229	-6.7737
-2.85138	3.97814
4.37416	-19.5695
-24.3391	-1.52745
-1.88624	-7.28572
-3.00052	-11.0076
-3.76698	-2.29046
0.107906	0.638663
-0.775755	-0.424401
-2.66345	-3.03164
-3.84593	-11.3449
-11.6631	-21.2469
-18.0118	-8.09197
-3.62348	-14.5402
-18.2465	-6.27396
-1.70118	-24.4732
-21.758	13.0726
12.3751	-6.33907
-2.32977	-10.3015
-9.96416	-3.46812
-1.46083	-5.98589
-9.48866	-1.38056
-4.57943	-8.47662
-10.9706	4.30965
-2.86545	-6.47712
-2.23977	-4.07718
3.81919	-27.1526
-30.3616	-5.6763
-9.78484	-11.1852
-13.4279	-0.777956
-5.83758	-14.0889
-10.6967	5.23571
-1.32266	2.42948
-4.94037	-12.4368
-11.227	-18.8274
-15.7048	3.03729
-1.23218	-8.71918
-7.88815	-0.201561
-0.322555	-1.6104
-4.90817	-2.29933
-1.56024	-3.05831
1.72016	0.0766049
-0.369032	-21.053
-11.8728	-10.9038
-7.34399	-10.6445
-9.53665	-6.75927
-10.6365	-2.04954
-1.59652	-11.0639
-10.7061	4.85669
3.97818	-8.86179
-10.7006	-14.4325
-12.7568	-0.849605
1.04821	-8.20976
-7.88209	-3.97085
-0.858326	-4.83346
-1.43246	-0.738658
0.516755	-7.68744
-3.62841	2.68636
2.59156	-8.9849
-3.75704	-12.0192
-17.7943	5.93284
4.56238	-8.46515
-17.0638	-3.14922
-4.70304	-12.8113
-15.7535	-7.06275
-4.3987	4.66231
5.80471	-12.0881
-6.09924	-4.13815
-2.76965	-3.9912
-7.48195	-16.5237
-1.52474	-4.62408
-8.13446	-3.85024
-3.87572	-3.74855
2.89213	-1.19658
1.00514	-22.3219
-20.0575	-17.6417
-18.7704	1.84509
0.271901	-3.94045
-8.37108	-3.69089
-2.71313	-0.0570783
-2.57824	3.79765
0.202153	-0.81305
2.12005	-3.2707
-3.19225	4.31168
-3.4529	3.55573
-0.0881222	1.93123
-8.82102	1.01092
-3.24989	0.3444
2.19948	0.0142546
-5.01042	4.77751
5.61357	4.03339
7.67056	5.31919
-6.93007	2.74201
-6.24058	-1.5444
0.97685	-1.2616
-0.930601	-3.89321
-5.40568	-11.0369
-12.2523	-1.92547
-1.78426	-16.2907
-15.4128	7.75012
7.99756	-24.6931
-27.3943	-12.1547
-11.5579	-18.4843
-16.6926	-14.516
-14.9195	5.65368
5.10854	3.18956
4.35144	-1.64944
-1.63384	-0.639653
-2.91152	3.38218
-1.59055	3.76908
-2.51885	-2.0255
1.59758	-2.55839
-5.79414	-7.803
0.384793	-1.93738
2.65516	-2.33735
-7.50908	-15.4235
-6.78435	5.95862
-1.17291	-7.38533
-15.3039	-5.39002
2.77416	-2.85866
-3.67414	-5.97121
-2.50905	-5.40466
-21.9702	-2.10764
-5.57648	-4.31555
-4.86653	-1.23278
-0.833471	-4.40205
-3.07816	-1.66412
-2.06037	-21.2641
-22.3203	-18.1726
-11.9751	-8.29656
-9.4154	-30.8942
-27.8849	-8.1696
-4.97492	-12.5568
-11.3655	-10.8572
-15.4051	-7.15618
-7.45967	-12.5463
-18.4032	-0.359572
4.09534	-10.9378
-2.2285	3.9385
-5.75031	1.18557
3.28583	1.01584
-2.16453	2.79395
-2.62248	-3.089
-2.84155	-12.2532
-12.5453	-25.7294
-28.2829	-4.90659
-3.55507	-16.3679
-16.742	-6.16891
-4.90777	-17.1795
-16.0137	10.3445
6.55096	-4.10982
-8.35923	-19.657
-19.8652	4.65968
4.67074	-8.23176
-7.30603	-7.69668
-11.7754	-1.35022
-1.50594	-8.56848
-5.42322	-0.958729
-0.587217	-4.26374
1.42585	-11.8903
-10.5033	-26.073
-22.816	-10.3527
-6.85323	-10.0513
-0.860418	-2.96955
5.00859	-6.67646
-18.613	-0.321104
1.34094	5.13102
3.78994	0.00520344
5.70138	-5.11915
-0.470559	-11.9836
-11.2002	3.63482
0.229123	-7.3468
-5.91186	-5.70979
-4.80221	0.682849
0.224902	3.42991
2.46971	-6.8399
-6.82838	-9.92254
-8.85476	3.90862
6.85564	-23.5639
-24.0075	-3.84551
-4.05938	-33.0964
-27.7043	-1.53391
-0.391287	8.42705
6.71133	-24.2728
-22.5353	-4.78945
-3.71009	-3.55908
-5.83133	-7.15252
-9.87323	3.17794
0.79728	2.25909
2.18229	2.74831
-6.67599	-4.10298
4.47763	-26.3669
-29.1225	-11.1389
-8.51241	-6.3081
-7.37214	-4.93075
-9.0001	-5.37755
-6.90413	-0.102194
8.02313	-4.65228
-6.76335	10.8967
-6.74737	-10.5026
-6.44195	-0.775537
8.99455	-20.2506
-20.6907	0.250899
-1.62502	-5.35107
-4.73149	1.14055
2.69214	-0.0336644
0.404869	-2.32172
-3.73603	-11.9999
-10.9714	-25.6593
-27.0618	-4.31424
-4.17289	-14.3014
-11.6363	-7.37192
-7.44901	-6.27341
-5.21885	0.329203
7.22528	-12.0626
-9.16437	-11.6251
-6.07513	-6.08341
-2.76972	-6.55425
-6.68649	-2.47188
-3.42383	-2.92152
-7.37425	-5.29601
-1.05279	-1.37138
1.91372	-0.692012
1.49499	-3.0323
-6.30804	-16.4465
-15.3042	-6.87296
-3.73608	-12.7164
-14.2766	-5.47587
-11.4036	-12.1644
-7.4779	4.06616
-0.107795	-0.634718
-2.07497	2.82077
-0.622871	-1.06739
6.65758	-0.6288
-13.1855	3.40203
5.94709	-2.67322
-5.89589	1.73352
1.00429	0.677251
-2.4247	-0.779134
-3.21653	-11.3838
-13.4136	0.0353776
-2.04631	-4.06021
-5.86115	-24.6208
-22.9604	-9.24299
-9.30959	7.13687
3.72455	-9.5613
-7.46538	-8.02135
-9.7481	-3.86873
-2.22767	-8.49267
-8.32405	-12.7176
-8.67699	1.58343
4.78499	-7.2716
-1.71499	2.8379
3.52085	-0.851686
5.30867	-0.127436
-3.87875	-19.4003
-21.0154	-14.9992
-18.7557	3.0377
1.92084	-5.49294
-5.1857	-6.95135
-6.22067	-3.69687
2.55013	3.75594
4.06378	11.9233
-3.56696	-6.36353
-5.5928	0.48652
0.90928	-7.40071
-1.56274	-2.58557
-3.87861	-7.50059
-4.88168	-5.93326
-0.295977	-8.23244
0.0711744	-3.62089
-0.112386	-0.447466
-6.63705	-7.893
0.563467	1.84257
-2.6078	-3.74938
-0.502613	1.99345
3.41344	2.74393
4.8849	0.638216
-3.43656	-16.6368
-13.4927	-5.98623
-7.38478	1.19979
-4.92199	-23.7951
-27.7823	-14.38
-4.2756	-11.8014
-5.19273	-3.64058
-4.52004	3.2708
0.0399054	7.03139
-2.12222	-8.33915
-1.70183	5.84284
-3.37	-7.3325
-6.11716	-7.40627
4.17806	-4.68332
-6.46372	-2.70239
2.70524	-5.74154
-3.17242	-10.7029
-10.3668	-12.3098
-12.5438	-3.54183
-3.27503	-16.0283
-21.2796	-12.2032
-6.96063	-12.873
-10.0038	-4.27597
-9.43588	-10.717
-2.33882	-12.0835
-9.5808	3.30476
-1.95044	-6.86861
-10.8597	0.221842
-0.868765	-7.2328
-3.92682	4.02632
9.31012	-0.511455
1.17071	-4.56098
-2.95703	-14.1674
-13.7863	-2.82876
-0.726096	6.2548
8.74782	-29.8257
-31.5977	-12.6923
-18.4995	-7.7266
-5.57192	-0.491449
2.15352	1.54647
3.21893	-8.24811
-8.1975	-9.90751
-10.203	-0.135983
0.676789	-15.2597
-11.1683	0.140942
0.177442	-10.6154
-10.1555	-2.80059
-1.97265	-1.31193
-8.38755	-7.97744
-13.5055	-16.0611
-12.3447	0.493117
-2.66652	-16.1191
-13.6149	-24.0609
-20.7398	3.18191
3.95642	-16.0654
-18.4097	2.29071
2.21804	-10.7951
-11.1145	-6.24053
-2.05898	-12.5046
-10.111	-5.91761
-6.91463	0.193185
-2.10987	0.0498945
-0.116399	4.43659
9.53238	-1.06845
1.22907	-2.61613
-4.17693	-5.61635
-4.25052	0.42587
7.72424	-11.7075
-4.43029	-9.29959
-1.54959	-0.39009
-14.4857	-19.798
-7.48254	10.7503
-0.448946	-7.15114
-3.66446	-4.93124
-2.75697	-15.34
-14.2251	-0.793505
-6.35979	0.151188
-1.38194	-7.58583
1.98864	4.17289
6.94884	0.135335
-2.15638	-5.36644
-5.45191	-14.1485
-14.0263	8.34367
9.44536	-22.6798
-21.11	-5.98737
-13.926	-6.29598
-0.49253	-6.46173
-0.192966	-1.48496
-4.99398	-15.0888
-10.5548	1.63369
-0.391902	-16.2064
-13.6903	1.60333
-0.238887	-10.2748
-11.4384	2.25351
1.80939	-1.9091
-2.44426	2.58339
3.40667	-19.2349
-19.5631	4.22249
4.8236	-5.02093
-6.7209	-28.5602
-28.1479	-11.6057
-9.76914	-13.592
-11.5005	-4.99621
-3.35917	1.08512
-4.35311	3.31703
-2.92557	-7.59192
-5.56785	-13.8844
-13.6759	1.60642
-3.42348	3.13594
1.49914	-0.458685
-5.75265	0.798651
5.63115	2.64645
3.66081	-4.49843
-3.87894	-8.99949
-5.53913	3.9341
9.22987	-15.464
-12.3825	-7.68097
-14.1435	-13.4519
-10.4758	-7.52922
-4.8715	-6.03641
-1.65706	-17.9013
-11.6205	-11.3694
-0.876597	-4.63395
-5.76602	-1.72071
-4.50142	9.7839
-1.17402	-0.517711
-1.0816	2.56728
-2.98683	-5.19566
-1.97869	-13.6306
-12.1091	-31.0349
-27.9892	-7.68878
-6.98552	-16.2022
-19.866	-6.95433
-14.7005	-9.52071
0.0101639	-3.14019
0.484576	1.6403
-4.60746	-18.2164
-8.04053	-5.3426
2.59197	1.7424
0.221237	-5.05533
-5.61587	-0.749867
-6.02731	-0.304068
-4.20729	-0.353315
-1.23713	-4.6478
-5.55684	-26.2308
-25.1792	-5.57706
-16.472	-6.50385
-4.35163	-11.5579
-3.29669	-7.63509
-7.24204	2.87328
-1.73734	-6.52655
0.502723	2.30282
3.86699	7.4266
-5.95528	-12.7536
-5.17207	-10.7818
-10.6051	-4.55453
-2.14142	-2.55794
-2.45231	-2.40867
0.559663	0.321826
4.21256	-6.38975
-2.49989	-24.2468
-27.0833	-5.31778
-7.71682	-14.7931
-14.497	-4.23794
-5.69514	-14.9734
-12.9419	0.644567
3.06356	-4.606
0.399451	3.02493
2.97476	5.08948
-1.322	-7.46171
-5.53384	-1.95743
-2.89337	-6.04196
-7.17638	-5.29056
-5.61304	-0.964991
-3.0248	3.05126
1.60712	-1.07024
-0.671978	-9.2769
-6.60044	-13.8365
-6.60333	2.7448
4.59263	-9.55791
-12.8561	-18.6916
-17.5394	-15.2842
-11.958	-7.66695
1.12234	-1.38936
3.38545	-6.14785
-1.41803	-14.0222
-7.50782	-4.46375
-1.21191	-5.78906
-7.63963	-4.65481
-4.83013	-6.36638
-2.84098	-2.64585
-4.16772	-3.16638
-1.60328	-7.5299
-8.11319	-7.37686
-13.0859	-7.53126
-2.14238	-8.98733
-5.94958	-2.83049
0.799199	-2.29183
-7.06122	1.11684
-0.274706	-13.3979
-12.7806	-14.0117
-15.3527	8.61863
3.19366	-8.93833
-13.2365	-2.87222
-1.12296	-1.18178
-4.04563	0.542349
2.94471	-2.88267
-6.26122	-4.84368
-3.89489	-25.5826
-27.5195	-9.95221
-11.6054	-10.9314
-4.78847	-4.32303
2.21941	-18.1623
-8.61633	2.4617
-1.24322	-7.58796
-4.08181	-2.11427
-0.474648	-6.80017
12.3607	9.41433
3.40234	-4.69447
-3.53365	-8.96538
-6.92613	-1.97245
-8.94252	1.82503
5.91905	0.742623
-2.02057	-2.97458
0.415686	-21.8263
-20.828	-16.918
-14.5997	3.65622
3.21557	-3.33246
-4.86592	-3.72939
-7.38165	-3.88275
-6.24105	-7.70467
0.330269	-10.4751
0.800023	4.85222
-4.24356	-8.56963
-3.56167	-0.770044
-3.09197	4.07772
-2.27347	0.0381009
1.78255	-8.17501
6.42075	3.28784
2.41667	9.48144
-7.05328	-0.67898
0.358102	6.53004
6.98874	6.8793
1.41231	-1.98793
-0.160741	-24.262
-22.612	-21.9065
-17.3401	1.9247
5.10497	-5.25296
-14.835	-2.58682
-3.77724	0.481515
-3.28843	-1.53173
-1.65365	2.90778
5.54774	7.45827
20.6251	14.8101
13.0209	12.4208
15.6328	0.0732384
-1.22625	-7.69014
-0.482964	-4.97726
-3.01949	-6.25869
-6.44482	4.11359
4.11263	-16.474
-15.1612	8.23293
8.12629	-10.3971
-9.27842	-21.9495
-21.8708	-14.0079
-11.3573	-16.0624
-21.2627	-4.99194
-3.92657	1.32113
2.8437	9.97678
3.73801	3.90533
-4.72579	-7.29818
-9.15629	0.757571
1.7798	3.86907
-2.01436	5.07059
-6.33057	-2.75819
-9.42276	-0.220542
-2.74223	-15.8141
-14.9766	-6.89881
-10.5599	-6.49162
-5.40323	-30.9876
-31.6256	-0.474918
1.03211	-3.45222
-5.68261	-7.06011
-8.34804	0.168336
3.36208	-8.77304
-8.93032	-6.65145
-5.26674	-13.3562
-11.6119	-3.01761
-6.77887	-1.71753
0.338079	0.567093
-1.78175	6.02428
8.19529	-6.11004
-6.43537	-5.76156
-10.5768	0.564774
1.80676	-9.01889
-6.52298	-32.4914
-29.3242	-12.9916
-19.0124	-4.88652
-5.86825	0.0405085
2.66284	-3.95938
-3.52341	-4.55853
-8.16281	2.54054
-0.378878	-19.1685
-17.6109	0.716092
-0.774427	-3.16418
-6.45287	-3.58391
-7.90982	-4.32754
0.96014	-1.87535
3.41982	-24.2477
-26.0177	-15.6946
-12.235	-6.82026
-9.44288	-14.5288
-20.8512	-9.74425
-11.8516	-1.23672
-3.84702	0.249439
0.565818	-11.6044
-15.3405	-12.031
-7.953	-0.22224
3.54944	-15.3202
-12.6413	-2.10939
-3.26219	-1.70464
-5.24229	-0.712916
3.01784	0.833203
1.89447	4.33449
-6.12952	-5.36433
-5.52813	-7.8213
-11.8524	6.53416
7.80294	-27.4446
-25.0259	-6.39907
-5.489	-22.7349
-23.8632	-2.52913
-5.30301	4.23505
2.55908	-22.1374
-20.1133	-4.17452
-4.98854	-12.5446
-11.5302	2.78415
1.67115	-9.25981
-9.715	4.1061
2.39443	-0.167583
0.0478084	0.156876
-2.31769	-1.99224
-2.16989	-8.04029
-8.22522	0.272363
-1.73691	-13.1582
-9.94906	-13.3699
-9.33663	-5.93573
-2.4062	-5.36942
-11.1128	-7.77013
-0.44501	-2.92845
-3.71037	1.08814
5.26066	-8.75718
-13.9102	-6.40936
-11.4144	-14.0395
-10.7846	-3.01715
0.303674	1.8699
0.862899	0.286389
-0.716061	-10.2459
-10.9977	-23.6211
-21.914	-9.26407
-9.81329	-19.2708
-18.8479	1.30948
3.18205	-25.5256
-25.1552	12.1544
9.88519	-3.583
0.460093	-14.4807
-14.4982	-7.54089
-6.64642	-3.63681
-2.72927	-3.59133
-5.71283	-0.717054
-2.75724	0.23569
-0.881191	-4.97759
-2.7977	-5.19291
-7.16705	-31.0719
-27.9517	-10.0131
-13.8623	-6.51386
-3.61871	-1.3886
-10.7333	-11.7782
-9.80623	-9.4792
-10.1432	-2.09696
7.96115	-7.21952
-10.8874	-15.5216
-13.1667	-3.08869
-3.76942	-7.14599
1.28393	-6.68004
-7.13146	-0.898328
-4.03444	3.74682
2.61725	3.26379
4.40501	-0.75407
2.22702	-5.97274
-5.35925	-12.3555
-9.4897	4.48589
2.7836	-10.8431
-10.4335	-12.2094
-12.075	-11.2628
-10.1684	-17.2334
-3.59097	3.09531
-1.75284	-2.39848
2.26539	2.18534
-3.44384	0.0951028
-8.86667	-7.26727
-13.6304	-3.67858
-0.195373	-7.8397
-0.673378	7.18499
3.26335	-2.59105
0.0165625	-14.2934
-13.7447	-16.6013
-17.1541	-0.413462
0.351326	-22.4411
-24.7087	3.0697
1.02867	3.47705
5.87649	-5.13426
-4.08849	-7.74675
-9.47293	-2.93655
0.367687	-11.3326
-3.31054	0.627822
1.27322	-17.6927
-15.4014	-3.54713
-1.54361	1.14997
5.77121	2.09103
5.34694	1.19392
-0.83748	-7.24018
-10.4653	-3.81065
1.95308	-10.8537
-12.3092	-12.097
-17.0123	-0.229991
0.347648	-10.578
-12.746	0.849471
0.763387	-1.48213
-0.834756	2.00822
14.1845	0.339238
0.0892497	-4.65795
-4.10511	-17.1435
-2.98227	-10.8994
-11.6394	3.49615
2.04709	7.70221
5.09229	-0.644568
-0.517126	-23.1775
-25.9333	-8.28033
-7.64568	-1.84413
-8.84986	-18.3641
-18.5398	-19.3486
-12.967	0.0429953
5.78457	-7.13911
-10.1108	-0.65916
-3.28648	-3.92755
-3.41472	-8.88307
-1.80228	-9.53784
-8.5931	-1.31217
0.727045	-14.8313
-10.3184	1.29205
-1.14878	3.69619
-0.805641	-1.9446
-1.22134	-17.2916
-17.0581	-12.4855
-10.887	-0.277021
4.24889	-4.02239
-1.67476	-4.63299
-5.65371	-5.38047
-1.76115	1.40574
-5.35275	-3.22148
-8.24175	-5.76341
4.8477	8.04018
-1.08618	4.90547
-2.6219	1.51642
-0.316153	-2.80384
1.45832	1.34955
1.31748	4.28679
2.56153	2.10522
-0.859898	-1.82936
-2.88228	-31.1068
-30.1863	-14.0468
-9.96685	-11.1497
-5.08232	-13.9159
-22.5226	-10.2058
-12.5454	-15.8175
-15.5176	-10.6898
-11.1954	1.26472
3.34566	-1.42719
-3.47679	-2.4774
-4.35036	0.565675
-3.56913	1.0762
-4.50699	-9.23643
-16.1503	-1.75144
-0.331955	-8.74785
-2.03931	-3.45812
0.771504	-31.0597
-29.6847	-14.3544
-14.0626	-5.98639
-3.6111	-15.5953
-10.1015	-11.4953
-1.59405	4.72296
1.81727	-2.71783
-1.71647	-11.8596
-13.0244	-10.1309
-10.1453	-3.27753
-1.555	-6.69246
-7.03688	-3.25446
-1.72053	0.19559
1.21709	1.12015
0.611992	-4.99316
-4.65431	-0.52778
-0.133289	-19.5923
-19.3816	-24.8074
-24.0212	0.584331
0.110141	-22.557
-23.3988	-9.51205
-13.2911	-1.85934
-3.34917	-13.8974
-9.03962	-8.03475
-3.13099	-3.48834
-4.37919	-9.98094
-5.24476	-3.68788
-9.24045	-19.7391
-17.977	-4.21373
-8.49162	-6.012
-4.50851	-1.28114
0.354035	0.702809
-3.73445	-22.189
-22.062	-7.67201
0.139723	-9.80313
-13.1563	-3.72883
-5.34194	-11.6286
-11.6001	0.00515458
4.33833	3.26267
4.13474	-0.898214
-13.7396	3.20075
-2.22889	-7.91884
3.76477	-7.18019
-2.67887	-6.19912
-7.45834	-4.95198
-5.61222	-4.66331
-5.76177	6.71713
3.0313	4.19766
0.188056	-23.5426
-21.3484	-15.8257
-21.3596	-3.11813
5.18463	-10.0088
-11.8923	-1.30569
-8.85172	-0.842236
-6.26778	-7.56495
-9.36393	-0.331848
0.583964	-17.5807
-18.3639	3.62219
5.5201	-9.59366
-0.514326	-0.59873
-3.6976	-6.38399
-4.457	-0.93179
0.321004	3.78543
3.90651	0.978886
-1.41972	-6.1255
-5.25102	-10.8516
-12.6214	8.83119
11.273	-17.8803
-15.8831	-5.30099
-7.09088	-19.8095
-23.2602	-8.70985
-6.9362	7.08392
-0.271628	-8.63631
-5.18006	-4.99271
-6.60167	-12.4267
-11.1529	1.98629
2.02883	-6.45327
-6.90376	-0.429642
0.64754	-0.358705
-0.0969196	-1.52326
-0.784131	-17.0367
-15.8757	-14.9002
-16.8404	-3.12578
-2.04645	-27.0213
-27.0642	-7.53102
-14.7635	3.47033
0.387158	-5.60692
-3.04388	-16.4215
-7.44334	-3.33094
-4.81612	-15.2278
-15.8955	-12.9982
-6.01095	-5.98537
-1.83875	-2.44545
-7.10793	3.24292
2.50654	1.40836
-0.644963	2.29913
3.61176	-27.4432
-29.096	-13.6572
-10.5808	-9.04649
-12.3191	-15.2378
-10.0927	-8.00308
-7.38642	1.69173
6.96019	10.3855
2.73989	-0.805482
3.88779	2.56772
13.2522	-7.89326
1.76639	-8.77984
-7.28758	3.84875
3.594	5.71869
-7.0768	-3.16513
1.34704	-5.11847
-3.71433	-7.8249
-9.61311	-12.8886
-11.736	-10.148
-13.5912	0.359084
-6.86646	-8.92651
-8.52804	-6.65952
-3.88146	-15.2825
-5.49725	-9.45507
-9.50042	-15.1327
-0.054194	-8.35986
3.65082	5.67626
4.91598	-5.01254
-4.47417	-4.7636
-1.66908	2.60653
-1.65991	-7.47803
-6.84394	3.82419
3.89176	-3.29831
-2.14411	-17.6092
-16.7429	1.24745
3.36138	6.33123
5.24093	-16.4158
-13.9543	-13.2179
-9.82437	-8.58827
-9.492	-7.21566
-3.11098	-6.00039
0.621733	-8.83507
-5.86728	-8.00505
-3.83113	-6.71742
-4.95446	-1.28206
-5.7106	-3.00057
-8.71404	1.41436
-0.121081	-10.4289
-8.37075	-0.196131
-0.15318	-16.8604
-18.1855	5.78332
7.85533	-4.70402
-4.41102	-27.7994
-27.2784	-9.96528
-9.7448	-17.7497
-17.4843	-6.05044
-3.71415	0.632689
1.36798	-0.986216
-1.26474	-3.24602
-4.80063	-1.19671
-2.6627	-12.1067
-8.52634	-11.5568
-12.1568	6.20982
4.74248	-2.01656
-1.48946	-1.42866
-0.891462	-13.094
-10.3361	-21.6613
-18.61	-6.32212
-3.50661	-11.9333
-12.9499	-4.15218
-9.12596	0.469178
1.24296	2.5593
2.36988	-13.1691
-9.71031	-1.48129
9.69199	-0.645344
-2.8499	-9.73876
-9.11392	-2.54606
-6.14612	-1.5551
1.82146	0.864717
-8.56787	-2.04924
0.655153	2.09915
7.08096	-28.1679
-28.8591	-13.8879
-11.2085	-9.75621
-12.2775	-18.2123
-3.78501	-13.8802
-17.2598	6.16032
-0.585603	-10.1207
-7.31248	-8.94108
-6.22572	7.43329
-0.607702	7.38584
3.568	-4.48161
4.89677	3.59135
-1.52012	-2.67944
0.885924	5.1403
-2.39506	-4.14154
-1.48214	-5.17247
0.548709	-9.64455
-8.9177	-4.63403
0.0778311	-2.66319
-3.55628	1.97158
1.39291	3.05787
-1.31089	-2.06374
2.46162	-7.85503
2.37909	-5.26031
-5.21119	2.52901
-8.17551	2.29207
-3.56713	-11.2344
-9.74097	5.14248
5.2418	-6.15485
-6.4939	-17.1894
-17.9268	-5.76308
-5.44116	-4.58132
-7.42632	-32.1935
-29.5077	-2.59304
-0.378716	-8.81942
-7.26418	-8.85981
-9.62856	-1.2047
2.00415	-9.05164
-9.66556	-11.5947
-14.5223	-7.85821
-5.62722	0.199072
-3.33814	-2.26799
-4.39787	4.33156
5.72653	3.92807
7.42403	-4.7174
-2.75709	-3.64408
-2.82185	-14.1557
-14.1749	-3.12097
-1.85569	-25.4214
-25.5909	-11.1046
-10.8598	2.67159
-3.4281	-2.72249
-2.83359	4.17472
4.3272	-14.8886
-14.8726	-7.35512
-4.32725	0.289036
-2.36774	-8.70733
-6.76888	2.65835
-0.437916	-0.0738025
0.670767	-2.73943
-2.3791	2.89952
3.13907	-6.25143
-5.04982	-13.3358
-12.158	-1.06335
-3.48682	-17.993
-13.5474	-2.44897
-3.98841	-10.7797
-5.58126	-3.85565
0.799354	1.51329
-17.0162	-7.18263
-6.19562	-12.398
-2.83193	-8.68775
-8.84957	-8.57585
5.28563	5.70023
-9.49147	-1.10153
0.873645	-0.180506
-3.04987	-5.71555
-7.16757	-11.6363
-10.2815	-28.5444
-27.1679	-7.21926
-7.69892	-11.7533
-10.3305	-4.10638
-5.5051	-5.87594
-6.81511	3.05106
2.29268	-4.85894
-0.44672	-15.599
-8.98747	-6.2048
-1.02731	-10.5483
-8.61928	-7.83831
-10.6685	-7.04005
-1.04337	2.97371
4.18305	-5.14276
-1.00265	-0.23588
-3.83697	-10.8099
-10.1796	-24.5557
-25.4134	-11.5049
-10.5623	-13.8178
-12.8294	-8.49358
-10.8783	-10.8307
-11.7047	9.03918
9.58765	-3.3921
-7.45703	-16.8127
-16.4463	-6.6347
-8.45932	-8.27229
-6.49597	2.16652
0.471611	3.52522
-0.292083	1.74334
-4.59313	-1.25058
-8.33014	-6.0187
-8.29406	-15.5187
-10.5049	-5.27612
-11.9963	-1.37425
-2.42062	-14.2227
-14.0187	-18.471
-18.2636	-14.8983
-18.8894	7.72007
7.16432	5.74751
8.39307	-15.568
-19.8993	-0.81365
-0.777624	-9.17048
-3.66489	-5.99157
-7.23491	-2.23475
-3.82507	-0.184248
2.64537	-2.86989
-5.80834	1.73082
1.9799	-8.32987
-9.54462	-10.0457
-9.91657	3.82495
2.29989	-23.4898
-22.7207	-3.36711
-0.20303	-20.1553
-19.5201	-8.599
-6.79187	-6.15449
1.15683	-3.74839
-5.74943	-8.08931
-8.262	-7.7842
-12.6723	-9.13884
-16.6092	-11.2316
-13.0931	-3.04618
-1.15732	0.99331
2.69998	1.01043
0.558201	-6.08964
-5.44372	-17.5465
-11.7755	-4.77547
5.1916	-10.0919
-6.33975	-4.56476
-11.9675	-8.89582
-4.74758	1.54446
0.176355	5.19523
-2.95214	-10.9011
-1.4551	-5.99588
-7.54231	-17.1083
-8.67334	-3.79384
1.67868	-5.44357
-4.9003	-0.591379
-1.57691	1.10191
2.94881	0.178938
-0.389779	-7.24421
-6.89632	-21.3135
-20.7001	-4.46724
-1.2665	-15.2241
-15.3617	-9.28974
-11.571	-22.2585
-21.7944	1.4467
3.87399	5.58743
-6.52188	-12.3132
-4.08862	-6.65488
-5.08172	-2.91217
-2.89714	-0.62752
0.287634	-13.4742
-10.4416	2.6153
2.68814	-4.88637
-4.02905	1.04985
3.62162	-15.0398
-15.9096	7.34878
5.51414	-1.19814
-4.22222	-23.4339
-23.8012	-6.40621
-3.9066	-21.6816
-18.4398	-8.20804
-1.40859	3.23288
3.50428	-2.80344
-1.8628	-4.52807
-7.45474	-7.22216
-11.7209	-2.94629
-0.182269	-7.55342
1.176	-8.50956
-6.77161	-0.731292
-6.918	-0.290648
-3.69485	-9.74938
-7.63312	-24.4553
-26.9058	-2.61016
3.23686	7.5847
2.46593	1.39885
4.07754	-7.97621
-5.41196	-5.08597
0.967241	-6.23792
3.00422	3.00236
-0.0748181	-5.36107
-5.05185	7.20017
9.97286	1.83788
4.9591	-5.28314
-5.23453	-2.44184
4.11028	2.82715
-3.66874	-8.45438
-1.99493	-2.56329
-5.32129	-0.645747
0.297152	1.1063
0.321017	7.3091
-0.198814	3.4921
7.34489	0.421746
-5.55717	0.540841
-2.22351	-7.62245
-0.20222	1.93697
4.86392	-1.24726
0.772102	0.546047
-3.27081	3.43851
-1.82523	-17.776
-20.363	-18.5928
-15.2241	0.549747
-0.0430513	-3.98045
-15.828	-16.4717
-16.7466	-15.7609
-21.1982	10.4063
10.2024	1.67247
0.385443	-7.93263
-12.0206	-3.94795
1.2496	-8.40444
-6.33109	-1.19805
0.915412	-2.18478
-2.63556	-0.328443
0.120823	-0.354192
-1.53527	-0.179539
-2.99488	-10.7045
-17.8108	-6.69624
-10.1128	-16.8394
-10.8608	0.467375
-8.08828	-14.8874
-14.3419	8.73374
4.77457	-10.6625
3.90795	-1.57455
-3.55939	-12.1059
-12.4904	-1.76645
-7.09634	-4.92484
-3.60518	-6.12511
-5.64353	-2.15236
-6.11719	0.0781066
-3.3062	5.63102
3.51418	3.75517
-0.118174	-7.95862
-7.03711	-19.9136
-19.307	-10.175
-8.95856	-8.5255
-9.76872	-9.53797
-16.8113	-3.25543
-13.4631	-9.04801
-4.44019	3.02103
-2.16887	-1.10624
-9.32451	-7.74307
-1.52509	2.47034
-1.47985	-3.48374
-3.89997	-0.00850691
1.3696	-3.45265
-5.46859	-0.351615
-2.55053	-2.50991
-3.95524	-5.81631
-5.77812	-24.8256
-26.1873	-3.757
-7.93534	-8.18728
-9.32293	-14.467
-16.0358	-3.94138
-6.74358	-1.17541
0.399464	-5.13097
-7.60364	-15.1952
-14.9689	-8.1935
-6.804	-2.92884
-3.63328	-3.48077
-4.91879	-8.94095
-7.86574	1.30309
-2.46694	-4.77458
-2.1449	-0.658418
1.70335	-25.6512
-29.1762	-13.3352
-16.6594	-4.94673
-4.66991	-10.3408
0.591088	-8.63615
-9.96344	-10.7548
-14.4165	5.71801
8.85354	0.969617
0.750285	-3.44681
-3.24946	-6.58298
-8.86349	-2.83879
-3.02265	-8.90797
-4.80066	-4.03427
-7.49755	-3.04542
0.973555	-4.82337
-1.34305	0.838495
-2.52617	-15.6188
-16.8296	-9.16797
-15.3745	-1.36775
1.52214	-13.0011
-12.5958	-12.2204
-14.6732	-6.2387
-1.20277	-2.49549
-3.99247	-8.96948
-3.84497	-7.06414
-4.77203	4.3232
1.47569	-17.1792
-16.3294	3.049
4.34759	-12.7904
-12.3252	-1.32662
1.77386	0.952955
1.21352	-3.20926
-1.52438	-19.3365
-14.288	-1.22907
-9.37567	-1.46504
-6.34668	-17.6316
-11.224	-9.60796
-17.2994	-8.96484
-2.97204	-10.1256
-4.96513	2.98675
-7.61501	-8.17062
-0.642124	7.30518
6.35653	-17.5661
-18.7469	-5.18294
-5.52009	-2.129
-2.92258	2.53192
2.70665	-0.706871
0.839151	-4.80054
-3.71385	-8.00591
-7.3956	-19.0993
-11.2366	-0.118846
6.50618	-6.97144
-13.0149	-11.7933
-11.4401	-2.92401
2.21174	5.70514
2.07225	6.74726
5.51294	-4.0506
-14.9368	-1.89021
-6.44177	-3.44498
-5.11739	-11.6158
-11.7838	-4.20657
1.24063	-3.54968
0.0963421	6.49505
-0.489474	2.60566
2.8862	-12.5191
-12.9959	-16.9852
-18.5273	0.336416
0.298722	-26.3686
-26.0954	-0.159504
-1.99582	0.957426
-1.16294	-5.62039
-5.43413	-8.61203
-13.1405	0.436269
-4.80903	-9.8847
-5.25192	-0.13943
2.41634	-16.2536
-16.5437	-1.44362
-2.39036	1.06475
0.290611	-1.82285
-1.37253	1.44416
2.191	-12.3936
-13.6392	-0.715902
0.783418	-7.78158
-9.48775	-19.6853
-14.7149	9.30498
5.10647	-16.5752
-10.0069	-0.441502
0.302383	-2.25921
-2.31355	-6.63655
-1.56089	-1.58232
-2.28709	-6.98153
-9.12247	-1.75628
-4.35958	-8.05762
-5.32511	5.10652
-2.86841	2.31128
0.663222	-3.51406
8.71426	-29.2679
-30.7755	-7.29523
-9.54821	-12.9111
-12.7442	-0.711963
-2.94517	-4.04801
-16.6735	4.77893
-0.0913754	-1.83702
-7.38276	-0.587228
-2.85652	-0.563925
4.2516	3.55166
-0.999685	-6.62433
-0.877473	-5.34283
-0.946041	2.95528
1.28539	6.09789
-3.78766	-2.6235
0.472598	4.23184
-4.96804	-22.0246
-22.0162	-18.4964
-18.5295	-0.289062
-4.98083	-15.5074
-15.9027	-4.28617
-3.87451	-13.4771
-18.4608	-5.41751
-5.96113	4.70973
3.52308	-20.3927
-22.5628	3.9395
2.62189	-1.14434
-3.5577	-9.71088
-3.49468	-3.11101
4.6496	6.20477
-3.02639	-5.45179
-6.24332	-5.74796
-0.767435	-6.60874
-7.93893	-17.5846
-26.3629	-9.3927
-6.28439	-11.8499
-13.2365	-4.35249
-6.8106	-7.58983
-8.3706	4.9245
8.19168	-1.35152
-1.68276	-18.8031
-14.9412	-4.57634
0.657043	-4.83839
-4.60471	-5.43369
0.680445	-7.13566
-7.50166	2.53898
3.25504	4.74675
4.04923	2.76132
0.73246	-7.05591
-6.42869	-25.128
-23.3857	-11.204
-12.6753	-11.3312
-10.0719	-5.65455
-5.6307	-10.1375
-9.03349	-13.6783
-13.2052	6.61596
6.83388	0.247003
1.90644	-7.46105
-8.18825	-11.1574
-11.2959	1.20533
2.4871	-10.0628
-8.53327	0.175848
-2.24341	-5.59514
-4.84468	1.01839
-0.62256	-7.38146
-7.47138	-21.2927
-22.3837	-14.9979
-14.4809	-6.14839
-5.85096	-12.1653
-10.611	-10.8663
-8.07546	2.11153
0.0747383	-7.13797
-4.86696	-11.0476
-11.4397	-11.7746
-8.81562	0.370237
1.89093	0.221291
-3.99182	-9.1166
-9.04313	7.42233
11.5827	5.14549
7.78857	0.940794
-1.96078	-3.30527
-2.14752	-5.90197
-5.05795	2.39766
5.5065	-9.37663
-8.77413	-4.28049
-2.46699	2.7299
-10.9276	11.7696
5.90783	-3.47609
-6.13462	-4.54356
-6.74488	-9.9054
-8.43646	-3.2052
-4.16288	-9.47888
-5.77796	-2.07875
-0.266913	-1.76926
-0.256305	1.22573
-0.161655	-3.30338
-2.52589	-6.66531
-4.6251	-25.6331
-16.6628	7.59451
7.44847	-20.1797
-20.1096	-11.972
-10.184	-28.853
-24.0833	-6.51636
-9.21536	2.51525
-7.53998	-15.6328
-12.6783	-2.26977
-3.22825	-8.11229
-10.5619	-0.911439
-7.56346	1.76311
-3.13731	-0.590574
5.23101	3.42466
-0.302835	-2.45309
1.15458	-14.9761
-25.3825	-17.078
-19.9697	-3.18045
1.60968	-11.2716
-30.0567	-3.27257
-10.4323	1.10168
5.89117	-14.0079
-7.21498	0.454381
-3.08235	-1.8764
-8.58986	4.47289
-8.88515	-8.26708
-5.93908	-6.44369
-2.01145	5.01372
-1.56101	6.32476
7.15683	1.47924
5.17115	1.48646
1.66457	-6.86042
-12.2335	-2.48608
-0.450978	4.61741
-2.43817	0.330703
0.108013	-5.05511
-3.62341	-14.4406
-12.6752	-1.0051
1.4159	3.28693
-3.39972	4.60846
2.08487	-7.64423
-7.11383	-6.50488
-2.85241	-17.1035
-19.7768	2.14275
-0.67124	-1.40569
-4.04802	0.827613
3.14913	-2.14937
0.000442742	0.473457
-0.512843	-14.1884
-20.5477	-14.7923
-10.2138	-10.6879
-9.37061	-4.12971
-13.6766	-10.6375
-6.51569	-2.43077
5.95924	-1.78756
11.7552	7.03744
-3.16364	-11.2019
1.87267	2.91661
-4.09255	-1.59812
-15.6098	-0.294985
9.45151	1.05437
5.54362	10.2055
-5.4662	-3.63195
-7.12408	-18.3058
-18.1502	-20.992
-19.6911	-4.3922
-6.70378	-9.40845
-10.1278	-11.0678
-5.73308	-4.88408
-4.65003	-13.5618
0.157873	-10.2371
-15.9931	-4.75074
-2.5515	-7.53027
-0.0850971	2.92952
0.644718	5.20354
-5.85271	-6.2386
6.43346	1.89896
2.08471	-6.57844
-4.68047	-0.0986067
-9.19316	-1.26763
4.711	-1.90997
6.23224	1.96132
-4.63625	-3.33297
-12.3392	-9.48411
-5.21094	-4.08292
-15.9809	-12.3334
-7.74506	-1.27799
1.36574	-2.56823
-2.63441	-1.08207
-2.50611	-0.447012
-0.819642	-11.779
-13.3368	-28.0056
-26.9177	-9.51363
-11.5747	-11.3235
-10.8561	-5.95753
-5.86217	-16.3566
-17.9972	-4.24729
-6.18227	9.11928
8.356	0.161235
2.12033	1.36496
3.27556	-14.2607
-6.15375	2.67417
9.53843	-11.4665
-10.212	1.87466
3.05904	0.810213
2.44341	-5.42014
-6.00374	-13.768
-15.4454	-7.0645
-4.35975	1.22706
-1.06472	-31.4125
-33.5438	-11.032
-8.78529	-11.3429
-10.9723	-13.0367
-10.5709	2.0326
2.09079	0.42003
3.74789	-7.08673
-9.03557	-8.12601
-11.8727	-6.44005
-7.84898	4.06261
10.5273	0.413065
2.28981	-1.203
-1.46424	-2.81029
-1.12088	-4.7704
-4.31653	-10.0163
-7.56099	-1.95478
1.01671	-23.4033
-27.4543	-1.55683
-2.79973	-23.6225
-9.87849	-4.80075
-0.787388	-7.24919
-11.1181	-11.759
-8.21018	-4.73994
-5.17755	-10.8791
-13.1438	3.87346
4.25365	-5.10433
-2.5599	0.0273395
-0.377865	-5.49774
-4.23307	-2.03504
-1.46264	-8.76675
-7.78551	-13.3489
-7.35857	-8.65429
-3.56482	-15.5672
-1.28577	-18.6904
-18.9516	1.50931
3.52816	-10.7079
-2.4369	-6.56987
-4.80118	3.00725
11.045	-7.73029
0.292297	1.15482
-5.07182	-0.624115
0.211322	9.92679
1.34831	-1.12274
-5.61957	-4.80144
-1.80021	0.256076
-3.11664	-5.24434
-5.93238	-13.3393
-11.1513	1.81796
2.81523	-18.8471
-17.1698	0.0454771
-3.91957	-24.2275
-14.4996	-12.518
-12.5031	3.39857
-12.9859	-11.3751
-11.3256	-12.5669
1.88393	-1.6274
-14.6034	-10.2573
-1.88884	-4.645
-1.81716	-3.50708
-2.45406	0.693159
1.49406	-3.91841
-4.37531	-5.72941
-10.7163	-9.04747
-5.89431	-9.9405
-12.1335	-3.3423
-0.471774	-3.72938
-6.20953	-3.18508
-4.07925	-7.15412
-4.65636	-9.90521
-9.93607	-11.3175
-3.52714	12.6223
1.57561	-11.0642
-15.2359	1.48899
-3.57504	-2.83206
-5.38411	-0.803503
-2.46862	-3.14729
-1.37818	-5.32504
-1.23081	-9.69179
-12.2767	-10.4781
-12.9964	-1.69393
-1.32818	-7.68632
-6.40951	-10.2295
-8.05306	-1.41052
-2.20313	3.94544
3.29106	1.77334
-10.5058	-6.16944
3.5922	-1.17746
-3.2003	-19.1149
-18.3031	2.04804
-9.16444	-0.892962
2.84272	-3.81063
-2.4304	8.77885
7.37435	1.29426
1.73659	-5.91195
-6.06517	-13.4572
-12.8849	1.51669
1.00622	-15.8127
-10.3479	-11.2684
-15.5125	-10.1019
-2.73957	-1.20969
-4.64598	-4.87008
-1.28	-7.19292
-9.80235	-1.49963
-3.85674	-6.55512
-5.31249	-1.79383
-6.84476	-6.10169
-2.33981	-0.996957
-10.6181	-2.74263
1.02232	-4.26206
0.911296	-1.89966
-2.71563	-22.1947
-22.7018	-6.50775
-8.40512	-6.37941
-4.15301	-10.1156
-9.70004	-10.2485
-15.2345	4.98557
1.40252	-6.01907
-0.205933	-6.57157
-13.3752	0.124848
-5.50528	-14.9132
-2.18724	3.29235
7.345	2.92476
4.41033	-12.0136
-7.16249	2.6071
1.48854	-3.40936
0.95614	-32.1364
-31.2983	-13.9082
-14.0027	11.2397
-4.89861	-12.0284
-15.4144	-13.4925
-9.75883	-5.59173
-3.02345	-3.39862
-5.03981	-9.09481
-4.94698	-12.9217
-19.013	3.47992
7.44676	-9.91267
-8.19512	-9.84986
-10.417	-3.6439
-0.666108	3.62693
3.39921	-4.00243
-4.08743	0.217961
-1.42769	-11.3133
-11.9775	-26.8023
-28.4767	-3.6156
-3.38399	-3.38658
-1.60233	-6.90992
-7.21513	-2.37896
-7.34868	-0.132455
1.09223	-6.5043
-7.97225	-15.7463
-15.6516	-2.45498
-5.99999	-5.68742
-8.16698	-2.57916
-4.80419	-8.17869
-9.36782	5.66451
-1.89521	-1.47271
-3.56288	-1.51425
-0.812072	-8.41674
-10.7365	-9.28081
-11.3453	4.26243
5.79483	-8.08895
-4.57449	-6.87488
-0.47218	2.09011
1.83472	-8.5282
-4.36819	-5.83483
0.323557	-8.00388
-16.3022	3.78447
4.51699	-10.8887
-13.4182	-5.08983
-3.89911	-0.491462
-3.48943	6.6916
6.04735	1.26035
1.9117	-0.0275906
0.982636	-14.1466
-11.0589	-12.2512
-22.762	-2.03368
-3.70573	-12.0992
-12.888	-5.83629
-7.22925	-9.75835
-10.408	-0.385523
7.67048	-0.501918
1.57242	-15.2174
-14.1433	2.18365
-0.406644	-5.59668
-7.16255	-5.6562
-3.69975	-6.53439
-2.31762	1.71246
10.9986	-4.3612
4.70361	5.92727
-5.59268	-21.0017
-15.5644	-16.4141
-16.9887	-14.7055
-12.0054	-8.64428
-10.9257	-17.9053
-17.7431	-10.6135
-10.3131	11.0839
11.7468	-12.3033
-15.3409	-9.01196
-10.8097	-2.16272
-9.44779	-8.18051
-14.8147	-7.46776
-4.49354	-1.34005
-3.03024	-1.74
-10.015	-6.41302
-5.78552	-2.90223
-5.17147	-3.38282
-4.13785	-10.1663
-7.77797	2.10071
-0.650776	-5.67351
-8.76644	-11.0623
-10.3968	-14.5885
-7.84984	-6.22611
-5.0494	6.89377
10.457	-13.7489
-12.2186	-7.03084
-6.54595	-4.64181
-3.93078	-5.63352
-5.29521	-4.72377
-4.52195	-6.3012
0.527719	0.752244
4.00109	1.40656
2.21229	-3.16489
-6.64285	-11.6094
-11.2601	-0.51047
2.70355	-11.3786
-10.0606	-8.08796
-2.79239	3.8235
-2.67454	3.33583
-4.39591	-6.11769
-10.5451	-1.85497
-3.19898	-13.003
0.0419588	-11.0705
-15.6152	-2.97184
-0.156916	-3.29306
-8.056	0.727154
-2.47511	1.3787
1.51981	1.40963
5.51235	-11.376
-22.5138	-14.3498
-18.925	-5.99459
-6.56835	-16.8964
-16.4537	-10.2398
-9.56213	0.0622119
-1.23062	-7.53328
-4.15684	-0.611685
-2.15909	-4.50243
-4.78334	-4.71398
-4.56137	-14.2385
-13.7864	3.2953
0.968366	-5.40123
-4.04772	-6.47378
-1.0042	9.8721
8.47291	0.644404
2.06545	-3.4783
-2.82384	-4.05819
-3.50312	1.2754
-0.382092	-7.17133
-15.6709	-9.22499
-5.42717	-1.46035
5.52792	-9.32994
-6.01036	6.71018
-0.734281	-13.2612
-2.62533	2.62375
2.06124	-19.0568
-20.1021	0.613483
-2.82358	0.151555
2.54969	-3.19844
-2.00672	2.9208
2.9086	-1.79121
-1.37892	-10.3673
-10.7871	-26.3546
-25.006	-7.98558
-6.02511	-12.7541
-15.1324	-10.5377
-9.57434	-3.49853
-2.83513	-9.94421
-11.5006	-1.50414
2.41256	-5.83135
-8.73328	-4.3674
3.52173	-10.9959
-13.8224	-9.65931
-11.1436	-2.45797
-3.7729	-1.24986
-0.968649	3.89826
4.00092	0.736873
-2.51289	-11.7787
-14.8857	-12.0812
-17.316	-9.70934
-4.05482	-16.061
-14.4569	-5.99651
-9.28743	1.94724
3.21492	-1.42974
-4.2143	-7.7919
-6.38359	-15.2344
-13.0813	1.62933
0.0710412	-6.13798
-5.11058	-4.46969
-9.98986	-3.69137
-7.78655	2.21426
2.19872	-1.26613
-2.0331	4.67129
2.84609	-4.60937
-5.38849	-17.7964
-19.0126	-5.24091
-8.43601	-12.5024
-12.8286	-5.57166
-5.31051	-12.0185
-9.07204	-3.50084
-2.2235	3.50584
-1.91666	-19.6501
-16.2061	0.533833
-0.0475214	-9.88366
-11.8314	-5.43512
-11.3273	-3.58505
-5.60244	-0.00140685
-1.11499	0.360525
-2.66883	2.05629
2.39209	-10.8589
-10.9358	-3.46779
0.985111	-15.2347
-14.4624	-16.4757
-17.6384	2.4658
2.83815	-23.0174
-18.9174	-4.25028
-6.97416	-3.67999
-4.3886	-4.50594
-4.56261	-10.7324
-7.19293	-10.4411
-9.89537	0.596951
-1.62425	-2.58084
-3.07789	3.5137
2.18437	0.885712
2.9193	-0.252841
0.598564	-14.5814
-11.0629	-22.5238
-21.7816	-6.95869
-9.97922	-12.4
-9.05017	-7.19207
-4.32905	-7.02929
-7.76018	-1.87663
-7.51157	9.55754
8.86004	-8.81909
-9.42407	-4.71146
-0.31363	-9.98073
-10.5392	-6.03589
-4.30986	-5.56922
-8.40187	1.51282
0.340615	-3.20806
1.4878	0.174549
-3.90041	-7.83687
-6.56011	-8.86467
-6.33189	4.58337
-2.99325	-14.1806
-9.79591	-5.06702
-0.305474	-21.2331
-17.1714	-5.87392
-11.1271	0.518395
-2.50991	5.09983
4.89969	-9.7245
-7.87688	-10.1534
-12.0353	-4.01326
-3.71809	2.17605
3.16204	-7.60912
-3.80971	0.0850008
-2.21041	-5.88499
-6.48413	-27.1091
-27.1922	-3.05743
-7.09593	-7.84238
-7.40999	-2.43672
-2.04357	-11.1987
-18.659	6.89396
2.28699	10.8602
8.22861	-2.60195
2.74718	-7.17363
-1.74967	-9.03079
-19.1011	-5.78317
-1.7086	-15.5866
-5.79333	-1.41207
-2.41552	-5.77984
-6.41857	5.61655
3.25232	0.886916
0.449054	-7.29397
-9.82614	-8.15478
-5.48832	5.63634
8.26537	-27.1028
-31.8456	-2.71995
-2.35836	-15.3514
-15.622	-9.29637
-8.61249	1.51723
3.53759	0.0119463
-0.466219	-3.80121
-4.09155	-4.7063
-8.43799	-2.97426
0.39197	-6.58739
-5.91266	-0.3684
0.0459245	2.80252
1.80531	-1.88041
1.70811	-9.54817
-14.6176	-7.30605
-15.0409	-1.78112
-3.89466	-15.7086
-17.0434	-11.5157
13.0914	4.32155
-7.49106	-10.1048
-3.21429	10.0391
-0.765639	2.62098
-8.46856	1.63577
3.58288	-9.01406
-16.9149	-4.85771
-4.81481	-1.73182
-6.8878	-7.54868
-2.29494	-2.86929
-0.557965	-1.09461
-3.21284	-24.5197
-20.5545	-16.4384
-17.3392	-3.32716
-0.448433	-19.4802
-9.6333	-6.36411
-7.37166	-1.12238
-8.28786	-1.48248
-8.89888	-15.0932
-12.0102	-20.5987
-22.4271	-13.9725
-16.3595	-19.3309
-27.2255	-12.3058
-7.06589	-16.966
-10.1225	-7.45496
-8.56738	-2.09944
-7.11476	-2.60841
3.03675	-16.8433
-15.3439	-20.6821
-20.0774	-0.473347
3.39394	0.0534269
-5.95108	-7.07831
-2.97591	-0.19602
-2.09456	-4.22503
-3.21852	-5.63915
